1	0	2519
2	2519	10175
3	12694	3321
4	16015	2750
5	18765	6141
6	24906	2300
7	27206	2596
8	29802	2216
9	32018	3724
10	35742	3191
11	38933	3408
12	42341	5287
13	47628	4374
14	52002	3779
15	55781	2276
16	58057	1359
17	59416	2980
18	62396	197
19	62593	5118
20	67711	1840
21	69551	1503
22	71054	3218
23	74272	2855
24	77127	3135
25	80262	5491
26	85753	535
27	86288	7503
28	93791	4593
29	98384	1789
30	100173	1953
31	102126	13275
32	115401	4170
33	119571	7112
34	126683	3386
35	130069	3960
36	134029	5068
37	139097	6417
38	145514	5356
39	150870	2578
40	153448	4703
41	158151	4448
42	162599	5223
43	167822	15499
44	183321	4150
45	187471	7273
46	194744	4364
47	199108	3755
48	202863	12550
49	215413	8000
50	223413	5540
51	228953	9713
52	238666	5102
53	243768	6612
54	250380	5527
55	255907	7368
56	263275	2997
57	266272	4057
58	270329	2264
59	272593	1217
60	273810	4985
61	278795	6888
62	285683	11559
63	297242	3858
64	301100	3339
65	304439	5765
66	310204	11391
67	321595	897
68	322492	1537
69	324029	4465
70	328494	732
71	329226	5868
72	335094	922
73	336016	2476
74	338492	2611
75	341103	1630
76	342733	4771
77	347504	1703
78	349207	2116
79	351323	3758
80	355081	3970
81	359051	2934
82	361985	3250
83	365235	2322
84	367557	5921
85	373478	4282
86	377760	6061
87	383821	2498
88	386319	3420
89	389739	2998
90	392737	2271
91	395008	10068
4109	405076	4289
93	409365	2192
94	411557	6145
95	417702	15381
96	433083	4169
97	437252	8564
98	445816	7855
99	453671	1940
100	455611	9979
101	465590	2701
102	468291	733
103	469024	5958
104	474982	3334
105	478316	8951
106	487267	4023
107	491290	2049
108	493339	3430
109	496769	7596
110	504365	2640
111	507005	2737
112	509742	9668
113	519410	19345
114	538755	3116
115	541871	2753
116	544624	5376
117	550000	2261
118	552261	4267
119	556528	6596
120	563124	970
121	564094	4889
122	568983	8288
123	577271	5355
124	582626	6686
125	589312	930
126	590242	3795
127	594037	2959
128	596996	3594
129	600590	2550
130	603140	3710
131	606850	4696
132	611546	9640
133	621186	9647
134	630833	11539
135	642372	2163
136	644535	4806
137	649341	3028
138	652369	1658
139	654027	5796
140	659823	2041
141	661864	1933
142	663797	8402
143	672199	8805
144	681004	2768
145	683772	4503
146	688275	3158
147	691433	1954
148	693387	10659
149	704046	6292
150	710338	4893
151	715231	5316
152	720547	1330
153	721877	1866
154	723743	3615
4365	727358	531
156	727889	3714
157	731603	2543
158	734146	7698
159	741844	7015
160	748859	6498
161	755357	8812
162	764169	3163
163	767332	2823
164	770155	1856
165	772011	7073
166	779084	3424
167	782508	2663
168	785171	1175
169	786346	11649
170	797995	10853
171	808848	9914
172	818762	6949
173	825711	8949
174	834660	2305
175	836965	532
176	837497	2787
177	840284	635
178	840919	6385
179	847304	4312
180	851616	2334
181	853950	9205
182	863155	6533
183	869688	1574
184	871262	7426
185	878688	2745
186	881433	7696
187	889129	4487
188	893616	2952
189	896568	6322
190	902890	9266
191	912156	2986
192	915142	4398
193	919540	3910
194	923450	1728
195	925178	6530
196	931708	5487
197	937195	5246
198	942441	8042
199	950483	1850
200	952333	2832
201	955165	2963
202	958128	3015
203	961143	2445
204	963588	2476
205	966064	2545
206	968609	861
207	969470	1603
208	971073	5837
209	976910	2585
210	979495	1295
211	980790	2052
212	982842	1587
213	984429	2905
214	987334	5810
215	993144	1202
216	994346	2829
217	997175	1851
218	999026	1244
219	1000270	1128
220	1001398	1785
221	1003183	5999
4086	1009182	3278
223	1012460	3447
224	1015907	1602
225	1017509	620
226	1018129	2711
227	1020840	906
228	1021746	5768
229	1027514	5218
230	1032732	1620
231	1034352	771
232	1035123	800
233	1035923	2492
234	1038415	5807
235	1044222	3746
236	1047968	3722
237	1051690	3680
4084	1055370	2395
4083	1057765	2776
4082	1060541	22373
241	1082914	4061
4076	1086975	2783
4081	1089758	6094
4080	1095852	2422
245	1098274	3845
246	1102119	3764
4079	1105883	4812
4073	1110695	2730
4078	1113425	7757
4074	1121182	4889
4077	1126071	4740
252	1130811	636
253	1131447	5827
254	1137274	692
255	1137966	2812
256	1140778	2875
257	1143653	1100
258	1144753	1283
259	1146036	7588
260	1153624	1492
261	1155116	2304
262	1157420	2104
263	1159524	1465
264	1160989	991
265	1161980	1710
266	1163690	2630
267	1166320	1917
268	1168237	17048
269	1185285	1554
270	1186839	4855
271	1191694	2116
272	1193810	2827
273	1196637	6287
274	1202924	541
275	1203465	4041
276	1207506	2049
277	1209555	1220
278	1210775	4666
279	1215441	861
280	1216302	2125
281	1218427	1903
282	1220330	4190
283	1224520	4703
284	1229223	9245
285	1238468	4138
286	1242606	2714
287	1245320	852
288	1246172	817
289	1246989	916
290	1247905	1060
291	1248965	791
292	1249756	3046
293	1252802	6329
294	1259131	1060
295	1260191	2550
296	1262741	1447
297	1264188	2758
4072	1266946	3738
299	1270684	2711
300	1273395	442
301	1273837	6365
302	1280202	3593
303	1283795	6870
304	1290665	10192
305	1300857	2188
306	1303045	3685
307	1306730	2346
308	1309076	3718
309	1312794	2957
310	1315751	3784
311	1319535	1632
312	1321167	10149
313	1331316	2154
314	1333470	4997
315	1338467	2430
316	1340897	1524
317	1342421	7968
318	1350389	6805
319	1357194	4463
320	1361657	9628
321	1371285	6423
322	1377708	5748
323	1383456	2888
324	1386344	5693
325	1392037	10461
326	1402498	4326
327	1406824	6176
328	1413000	4650
329	1417650	2287
330	1419937	3442
331	1423379	8917
332	1432296	1818
333	1434114	5753
334	1439867	4060
335	1443927	4065
336	1447992	2623
337	1450615	379
338	1450994	1868
339	1452862	7415
340	1460277	4461
341	1464738	2441
342	1467179	1755
343	1468934	3099
344	1472033	3538
345	1475571	2804
346	1478375	5251
347	1483626	1188
348	1484814	1174
349	1485988	3126
350	1489114	7633
351	1496747	7666
352	1504413	1201
353	1505614	6048
354	1511662	1704
355	1513366	2341
356	1515707	4850
357	1520557	1735
358	1522292	3369
359	1525661	1939
360	1527600	1183
361	1528783	2653
362	1531436	682
363	1532118	2812
364	1534930	5222
4364	1540152	463
366	1540615	1668
367	1542283	2846
368	1545129	4174
369	1549303	1263
370	1550566	1123
371	1551689	1630
372	1553319	1194
373	1554513	1674
374	1556187	836
375	1557023	877
376	1557900	3839
377	1561739	842
378	1562581	3126
379	1565707	7857
380	1573564	2559
381	1576123	1518
382	1577641	3173
383	1580814	1170
384	1581984	2711
385	1584695	2363
386	1587058	1358
387	1588416	1041
4070	1589457	8951
389	1598408	3084
390	1601492	1476
391	1602968	8365
392	1611333	1475
393	1612808	2068
394	1614876	968
395	1615844	1678
396	1617522	1637
397	1619159	926
4069	1620085	3383
399	1623468	9658
400	1633126	3971
401	1637097	3344
402	1640441	3695
403	1644136	6361
404	1650497	1492
405	1651989	2689
406	1654678	2098
407	1656776	3113
408	1659889	1607
409	1661496	8519
410	1670015	3508
411	1673523	3395
412	1676918	1370
413	1678288	7920
414	1686208	8204
415	1694412	8641
416	1703053	5690
417	1708743	7423
418	1716166	7086
419	1723252	5495
420	1728747	1799
421	1730546	6428
422	1736974	9040
423	1746014	3868
424	1749882	4597
425	1754479	2731
426	1757210	2401
427	1759611	3865
428	1763476	4813
429	1768289	4266
430	1772555	3251
431	1775806	7056
432	1782862	8579
433	1791441	8492
434	1799933	2800
435	1802733	649
436	1803382	4193
437	1807575	8139
438	1815714	8340
439	1824054	5411
440	1829465	2416
441	1831881	7601
442	1839482	6645
443	1846127	3465
444	1849592	2902
445	1852494	1062
446	1853556	3056
447	1856612	10603
448	1867215	7566
449	1874781	7619
450	1882400	1043
451	1883443	2971
452	1886414	1796
453	1888210	8030
454	1896240	6944
455	1903184	4064
456	1907248	1034
457	1908282	9582
458	1917864	9633
459	1927497	2708
460	1930205	3796
461	1934001	5693
462	1939694	14785
463	1954479	3047
464	1957526	4458
465	1961984	7894
466	1969878	6501
467	1976379	2509
468	1978888	3868
469	1982756	3803
4047	1986559	10875
471	1997434	3388
472	2000822	5080
473	2005902	2242
474	2008144	1108
475	2009252	1365
476	2010617	3997
477	2014614	992
478	2015606	3488
479	2019094	3302
480	2022396	3677
481	2026073	3278
482	2029351	2466
483	2031817	988
484	2032805	1263
485	2034068	8068
486	2042136	7014
487	2049150	4485
488	2053635	7299
489	2060934	997
490	2061931	3331
491	2065262	9072
492	2074334	2149
493	2076483	6297
494	2082780	6288
495	2089068	1144
496	2090212	832
497	2091044	6802
498	2097846	3583
499	2101429	2682
4127	2104111	4978
501	2109089	399
502	2109488	423
503	2109911	3746
504	2113657	38579
505	2152236	5520
506	2157756	9998
507	2167754	6455
508	2174209	6274
509	2180483	9599
4119	2190082	5235
511	2195317	2030
512	2197347	2349
4068	2199696	4899
514	2204595	2609
515	2207204	4504
516	2211708	2869
517	2214577	1856
518	2216433	1450
519	2217883	1522
520	2219405	2600
4030	2222005	4170
522	2226175	1406
523	2227581	1115
524	2228696	1321
525	2230017	1231
526	2231248	9170
527	2240418	5735
528	2246153	6464
529	2252617	2073
530	2254690	915
531	2255605	2809
532	2258414	11587
533	2270001	3019
4024	2273020	2988
4020	2276008	5917
536	2281925	1064
4067	2282989	13070
538	2296059	357
539	2296416	940
540	2297356	3245
4017	2300601	5265
542	2305866	5800
4027	2311666	5716
544	2317382	521
545	2317903	4988
546	2322891	1411
547	2324302	1707
548	2326009	3081
549	2329090	1045
550	2330135	4455
4363	2334590	495
552	2335085	1040
553	2336125	45587
4095	2381712	7247
555	2388959	1235
556	2390194	10007
557	2400201	1055
558	2401256	2271
559	2403527	6630
560	2410157	7801
561	2417958	2908
562	2420866	2780
563	2423646	6663
564	2430309	5863
565	2436172	22680
566	2458852	5895
567	2464747	5274
568	2470021	11738
4007	2481759	3175
570	2484934	1761
571	2486695	1516
3981	2488211	4243
573	2492454	1869
574	2494323	449
575	2494772	2966
576	2497738	7928
577	2505666	9003
578	2514669	1893
579	2516562	5066
580	2521628	8132
581	2529760	1158
3980	2530918	2761
583	2533679	1087
584	2534766	14341
585	2549107	6742
586	2555849	6716
587	2562565	2691
588	2565256	5542
589	2570798	12580
590	2583378	2443
591	2585821	2622
592	2588443	11587
593	2600030	5942
594	2605972	5713
4006	2611685	6852
596	2618537	2190
597	2620727	2213
598	2622940	3597
599	2626537	2542
600	2629079	4557
601	2633636	7406
602	2641042	1299
603	2642341	1077
604	2643418	9079
605	2652497	11268
606	2663765	9253
607	2673018	16008
608	2689026	8755
609	2697781	8447
610	2706228	7382
611	2713610	11293
612	2724903	19506
613	2744409	13556
614	2757965	5484
615	2763449	492
616	2763941	832
617	2764773	3196
618	2767969	7342
619	2775311	539
620	2775850	1537
621	2777387	3459
622	2780846	2103
623	2782949	9169
624	2792118	8023
625	2800141	8566
626	2808707	4691
627	2813398	2689
628	2816087	4083
629	2820170	5080
630	2825250	7152
631	2832402	3407
632	2835809	2834
633	2838643	679
634	2839322	1052
635	2840374	1640
636	2842014	6678
637	2848692	1348
638	2850040	11451
639	2861491	6348
640	2867839	4439
641	2872278	25806
642	2898084	3750
643	2901834	5143
644	2906977	8406
645	2915383	9773
646	2925156	4633
647	2929789	6373
648	2936162	9599
649	2945761	12847
650	2958608	4692
651	2963300	10960
652	2974260	6274
653	2980534	5111
654	2985645	1757
655	2987402	3816
656	2991218	4767
657	2995985	3710
658	2999695	10718
659	3010413	9916
660	3020329	6850
661	3027179	6111
4051	3033290	6196
663	3039486	5807
664	3045293	4100
665	3049393	3909
666	3053302	3505
667	3056807	3844
668	3060651	3334
669	3063985	12278
670	3076263	12845
671	3089108	4231
672	3093339	2863
673	3096202	5574
674	3101776	15920
675	3117696	4295
676	3121991	719
677	3122710	1204
678	3123914	4412
679	3128326	4386
680	3132712	2091
681	3134803	13040
682	3147843	6709
683	3154552	8836
684	3163388	7749
685	3171137	10700
4362	3181837	479
687	3182316	7007
688	3189323	8950
689	3198273	2344
690	3200617	8166
691	3208783	8298
692	3217081	3899
693	3220980	5759
694	3226739	10270
695	3237009	2549
696	3239558	13746
3945	3253304	10751
698	3264055	531
699	3264586	1535
700	3266121	3090
701	3269211	6718
702	3275929	8224
703	3284153	3720
704	3287873	5025
705	3292898	3505
706	3296403	1893
707	3298296	996
708	3299292	1415
709	3300707	1174
710	3301881	2103
711	3303984	1303
712	3305287	1742
713	3307029	1812
714	3308841	2186
715	3311027	1808
716	3312835	7671
717	3320506	18359
718	3338865	3883
719	3342748	4415
720	3347163	3350
721	3350513	3553
722	3354066	10517
723	3364583	4069
724	3368652	1223
725	3369875	898
726	3370773	1510
727	3372283	971
728	3373254	1979
729	3375233	4468
730	3379701	1636
731	3381337	6248
732	3387585	7704
733	3395289	1999
734	3397288	4009
735	3401297	2679
736	3403976	4777
737	3408753	8854
738	3417607	4983
739	3422590	7981
740	3430571	4791
741	3435362	10045
742	3445407	2218
743	3447625	1623
744	3449248	2107
745	3451355	1882
746	3453237	2443
747	3455680	2901
748	3458581	2589
749	3461170	13308
750	3474478	2496
751	3476974	2267
3934	3479241	5197
753	3484438	3093
4005	3487531	5204
755	3492735	10167
3932	3502902	3926
757	3506828	4727
758	3511555	7007
759	3518562	3667
760	3522229	3434
761	3525663	2854
762	3528517	5885
763	3534402	3091
764	3537493	5866
765	3543359	4780
766	3548139	13742
767	3561881	3838
768	3565719	2977
769	3568696	1631
770	3570327	8116
771	3578443	5699
772	3584142	12510
773	3596652	3823
774	3600475	2212
775	3602687	5475
776	3608162	5857
777	3614019	7935
778	3621954	10150
779	3632104	3610
780	3635714	3396
781	3639110	2192
4004	3641302	19519
783	3660821	3791
784	3664612	2038
785	3666650	1491
786	3668141	7386
787	3675527	1028
788	3676555	952
4003	3677507	5350
790	3682857	3286
791	3686143	1833
792	3687976	4069
3935	3692045	5269
794	3697314	4035
795	3701349	1405
796	3702754	4928
797	3707682	2610
798	3710292	1761
799	3712053	1984
800	3714037	1493
801	3715530	477
802	3716007	3168
803	3719175	2116
804	3721291	10199
805	3731490	1132
806	3732622	1348
807	3733970	5187
3929	3739157	5617
809	3744774	6660
810	3751434	7831
811	3759265	1423
812	3760688	1777
813	3762465	2251
814	3764716	3419
815	3768135	1963
816	3770098	2107
817	3772205	6054
818	3778259	2081
819	3780340	1462
820	3781802	1112
821	3782914	3183
822	3786097	6320
823	3792417	1989
824	3794406	2397
825	3796803	2614
826	3799417	2618
827	3802035	3608
828	3805643	1418
829	3807061	8501
830	3815562	3915
831	3819477	1485
832	3820962	10451
833	3831413	4105
834	3835518	7208
835	3842726	10041
836	3852767	3365
837	3856132	6501
838	3862633	4378
839	3867011	4667
840	3871678	2999
841	3874677	1326
842	3876003	3079
843	3879082	1962
844	3881044	1675
845	3882719	1721
846	3884440	3359
847	3887799	2070
848	3889869	2135
849	3892004	989
850	3892993	1899
851	3894892	3963
852	3898855	2204
853	3901059	5404
854	3906463	1750
855	3908213	1902
856	3910115	2550
857	3912665	2200
3917	3914865	4727
859	3919592	2192
860	3921784	1799
861	3923583	2389
4066	3925972	4065
863	3930037	4960
864	3934997	1634
865	3936631	13681
866	3950312	5378
867	3955690	982
868	3956672	14511
869	3971183	1860
870	3973043	1611
871	3974654	1101
872	3975755	1523
873	3977278	1770
874	3979048	6084
875	3985132	2994
876	3988126	3084
877	3991210	2392
878	3993602	1960
879	3995562	2856
880	3998418	5409
881	4003827	15398
882	4019225	7245
883	4026470	3361
884	4029831	3240
885	4033071	2546
886	4035617	2966
887	4038583	1348
888	4039931	2303
889	4042234	5279
890	4047513	1617
891	4049130	1302
3916	4050432	4964
893	4055396	1996
3915	4057392	2648
895	4060040	2609
4085	4062649	2914
897	4065563	1501
4071	4067064	3151
899	4070215	1400
900	4071615	2496
901	4074111	1484
902	4075595	3269
903	4078864	1208
904	4080072	1784
905	4081856	4561
906	4086417	1087
907	4087504	4228
908	4091732	1831
909	4093563	2153
4361	4095716	487
911	4096203	4963
912	4101166	2637
913	4103803	2607
914	4106410	367
915	4106777	1533
916	4108310	1506
917	4109816	2195
918	4112011	1499
919	4113510	1087
920	4114597	2673
921	4117270	1021
922	4118291	335
923	4118626	4583
924	4123209	1290
925	4124499	899
926	4125398	3924
927	4129322	1346
928	4130668	3134
929	4133802	2629
930	4136431	542
931	4136973	1295
932	4138268	1244
933	4139512	2504
934	4142016	1203
935	4143219	8155
936	4151374	596
937	4151970	1341
938	4153311	7421
939	4160732	3874
940	4164606	3721
941	4168327	3473
942	4171800	7015
943	4178815	4928
944	4183743	1666
945	4185409	1600
946	4187009	2043
947	4189052	1348
948	4190400	512
949	4190912	1361
950	4192273	2303
951	4194576	4498
952	4199074	1544
953	4200618	11564
954	4212182	2059
955	4214241	822
956	4215063	924
957	4215987	1065
958	4217052	1830
959	4218882	721
960	4219603	11577
961	4231180	1788
962	4232968	2970
963	4235938	3751
964	4239689	955
965	4240644	2215
966	4242859	1234
967	4244093	4768
968	4248861	316
969	4249177	7061
970	4256238	1048
971	4257286	1787
972	4259073	2572
973	4261645	1490
974	4263135	1251
975	4264386	6685
976	4271071	3545
977	4274616	1012
978	4275628	3540
979	4279168	1658
980	4280826	3001
981	4283827	1325
982	4285152	514
983	4285666	781
984	4286447	4842
985	4291289	1239
986	4292528	6452
987	4298980	2697
988	4301677	449
989	4302126	4248
990	4306374	526
991	4306900	1492
992	4308392	2131
993	4310523	2801
994	4313324	3181
995	4316505	1381
996	4317886	1539
997	4319425	1141
998	4320566	1456
999	4322022	2355
1000	4324377	597
1001	4324974	1600
1002	4326574	3088
1003	4329662	1189
1004	4330851	594
1005	4331445	1580
1006	4333025	1651
1007	4334676	1577
1008	4336253	8831
1009	4345084	7794
1010	4352878	4446
1011	4357324	2937
1012	4360261	620
1013	4360881	7702
1014	4368583	4060
1015	4372643	12567
1016	4385210	4941
1017	4390151	2540
3949	4392691	6380
4002	4399071	5639
1020	4404710	6326
1021	4411036	2637
1022	4413673	316
1023	4413989	2366
1024	4416355	3873
1025	4420228	2835
1026	4423063	13578
1027	4436641	7949
1028	4444590	1926
1029	4446516	2797
1030	4449313	1948
1031	4451261	1866
1032	4453127	3488
1033	4456615	2233
1034	4458848	3075
1035	4461923	2008
1036	4463931	1846
1037	4465777	2208
1038	4467985	2954
1039	4470939	2874
1040	4473813	1947
3888	4475760	10809
3885	4486569	5122
3886	4491691	5795
3887	4497486	16179
1045	4513665	2621
1046	4516286	3338
1047	4519624	2185
1048	4521809	1928
1049	4523737	1791
1050	4525528	2103
1051	4527631	4519
1052	4532150	3915
1053	4536065	3817
1054	4539882	3024
1055	4542906	2469
1056	4545375	2584
1057	4547959	2349
1058	4550308	2390
3879	4552698	5501
1060	4558199	331
1061	4558530	5882
3878	4564412	5392
3877	4569804	5395
1064	4575199	9971
1065	4585170	2825
1066	4587995	977
1067	4588972	4441
1068	4593413	7189
1069	4600602	316
1070	4600918	3216
1071	4604134	2689
1072	4606823	2396
1073	4609219	2615
1074	4611834	3586
1075	4615420	4371
1076	4619791	2628
1077	4622419	5009
1078	4627428	2767
1079	4630195	8245
1080	4638440	2770
1081	4641210	6305
1082	4647515	2464
1083	4649979	1237
1084	4651216	17858
1085	4669074	9891
1086	4678965	2978
1087	4681943	3261
1088	4685204	5905
1089	4691109	3500
1090	4694609	1959
1091	4696568	3097
1092	4699665	4512
1093	4704177	4393
1094	4708570	3737
1095	4712307	3009
1096	4715316	24593
1097	4739909	11350
1098	4751259	16342
1099	4767601	30745
1100	4798346	3803
1101	4802149	2146
1102	4804295	1008
1103	4805303	5445
1104	4810748	1977
1105	4812725	1507
1106	4814232	1862
1107	4816094	1176
1108	4817270	1183
1109	4818453	6964
1110	4825417	3762
1111	4829179	1028
1112	4830207	2478
1113	4832685	2237
1114	4834922	3228
1115	4838150	2593
1116	4840743	30048
1117	4870791	1102
1118	4871893	1752
1119	4873645	5115
1120	4878760	1256
1121	4880016	1656
1122	4881672	1737
1123	4883409	2416
1124	4885825	1684
1125	4887509	1588
1126	4889097	2645
1127	4891742	3228
1128	4894970	4670
1129	4899640	1790
1130	4901430	961
1131	4902391	1500
1132	4903891	2060
1133	4905951	1534
1134	4907485	1806
1135	4909291	1294
1136	4910585	1913
1137	4912498	1629
1138	4914127	866
1139	4914993	2724
1140	4917717	1881
1141	4919598	6161
1142	4925759	2735
1143	4928494	1410
1144	4929904	1212
1145	4931116	2694
1146	4933810	1463
1147	4935273	2323
1148	4937596	1474
1149	4939070	1346
1150	4940416	2198
1151	4942614	1527
1152	4944141	1722
1153	4945863	5226
3913	4951089	5247
1155	4956336	5616
1156	4961952	1682
1157	4963634	1304
1158	4964938	2977
1159	4967915	1609
1160	4969524	2797
3873	4972321	3873
1162	4976194	868
1163	4977062	1615
1164	4978677	4003
1165	4982680	3244
1166	4985924	2993
1167	4988917	3365
1168	4992282	2720
1169	4995002	1415
1170	4996417	1378
1171	4997795	892
1172	4998687	2173
3874	5000860	4950
1174	5005810	1098
1175	5006908	3332
1176	5010240	3209
1177	5013449	3786
1178	5017235	1762
1179	5018997	4880
3870	5023877	7014
3869	5030891	4517
1182	5035408	1793
1183	5037201	977
1184	5038178	1278
1185	5039456	993
1186	5040449	1170
1187	5041619	5094
3875	5046713	24807
1189	5071520	1863
1190	5073383	1137
1191	5074520	1300
1192	5075820	1246
1193	5077066	4191
1194	5081257	1514
1195	5082771	2697
1196	5085468	2149
1197	5087617	1107
1198	5088724	1842
1199	5090566	5007
1200	5095573	2346
1201	5097919	5139
1202	5103058	7832
1203	5110890	5326
1204	5116216	11015
1205	5127231	1840
1206	5129071	7275
1207	5136346	3696
1208	5140042	7934
1209	5147976	486
1210	5148462	5221
1211	5153683	2502
1212	5156185	3089
1213	5159274	3887
1214	5163161	757
1215	5163918	879
1216	5164797	5680
1217	5170477	1492
1218	5171969	2146
1219	5174115	2626
1220	5176741	3674
1221	5180415	3278
1222	5183693	2094
1223	5185787	4834
1224	5190621	10150
1225	5200771	595
1226	5201366	3172
1227	5204538	3461
1228	5207999	5322
1229	5213321	3771
1230	5217092	6256
1231	5223348	9864
1232	5233212	2083
1233	5235295	1639
1234	5236934	3131
1235	5240065	5588
1236	5245653	3676
1237	5249329	1990
1238	5251319	4402
1239	5255721	1372
1240	5257093	9461
1241	5266554	4584
1242	5271138	2589
1243	5273727	3583
1244	5277310	1811
1245	5279121	1491
1246	5280612	1513
1247	5282125	4724
1248	5286849	2899
1249	5289748	8567
3944	5298315	9949
1251	5308264	5314
1252	5313578	3049
1253	5316627	7132
1254	5323759	1202
1255	5324961	2809
1256	5327770	2596
1257	5330366	1956
3857	5332322	14792
1259	5347114	532
1260	5347646	5889
1261	5353535	525
1262	5354060	2081
1263	5356141	6633
1264	5362774	5888
1265	5368662	2526
1266	5371188	3080
1267	5374268	8947
1268	5383215	3622
1269	5386837	3899
1270	5390736	3046
1271	5393782	8962
1272	5402744	4046
1273	5406790	3399
1274	5410189	3644
1275	5413833	1473
1276	5415306	4488
1277	5419794	1028
1278	5420822	1782
1279	5422604	5602
1280	5428206	2101
1281	5430307	1802
1282	5432109	15860
1283	5447969	5939
1284	5453908	2260
1285	5456168	2624
1286	5458792	5409
1287	5464201	3928
1288	5468129	13777
1289	5481906	3832
1290	5485738	1855
1291	5487593	3645
1292	5491238	6600
1293	5497838	2967
1294	5500805	571
1295	5501376	4696
1296	5506072	4562
1297	5510634	2716
1298	5513350	4749
1299	5518099	2164
1300	5520263	746
1301	5521009	1040
1302	5522049	1096
1303	5523145	6700
1304	5529845	2171
1305	5532016	1942
3853	5533958	4671
1307	5538629	6217
1308	5544846	3638
1309	5548484	641
1310	5549125	1847
1311	5550972	3091
1312	5554063	1268
1313	5555331	2311
1314	5557642	1123
1315	5558765	3490
1316	5562255	4122
1317	5566377	4338
1318	5570715	6298
1319	5577013	3765
1320	5580778	722
1321	5581500	4287
1322	5585787	4091
1323	5589878	547
1324	5590425	1009
1325	5591434	1594
1326	5593028	3665
1327	5596693	3599
1328	5600292	4814
1329	5605106	2708
1330	5607814	2089
1331	5609903	3141
1332	5613044	812
1333	5613856	7192
1334	5621048	957
1335	5622005	3158
1336	5625163	2395
1337	5627558	2684
4050	5630242	5249
1339	5635491	2560
1340	5638051	4081
1341	5642132	2052
1342	5644184	1872
1343	5646056	4446
1344	5650502	1433
1345	5651935	4435
1346	5656370	3892
1347	5660262	5691
3948	5665953	4365
1349	5670318	4541
4049	5674859	13592
1351	5688451	1280
1352	5689731	2859
1353	5692590	6454
1354	5699044	2549
1355	5701593	3458
1356	5705051	2723
1357	5707774	2287
3947	5710061	4783
1359	5714844	774
1360	5715618	9126
4054	5724744	5829
1362	5730573	2215
1363	5732788	2531
1364	5735319	2401
1365	5737720	2380
1366	5740100	1357
1367	5741457	1146
1368	5742603	2956
1369	5745559	10182
1370	5755741	1287
1371	5757028	3979
1372	5761007	1135
1373	5762142	467
1374	5762609	10806
1375	5773415	1846
1376	5775261	3374
1377	5778635	3353
1378	5781988	3593
1379	5785581	9703
1380	5795284	2195
1381	5797479	1122
1382	5798601	791
1383	5799392	1065
1384	5800457	1843
1385	5802300	8532
1386	5810832	3466
1387	5814298	6356
1388	5820654	4825
1389	5825479	5621
1390	5831100	1717
1391	5832817	5371
1392	5838188	1702
1393	5839890	1721
1394	5841611	6813
1395	5848424	2795
1396	5851219	1507
1397	5852726	2077
1398	5854803	2591
1399	5857394	2588
1400	5859982	3791
4123	5863773	3428
4125	5867201	3462
4122	5870663	2729
4120	5873392	3152
4117	5876544	4955
4124	5881499	2857
1407	5884356	3885
1408	5888241	6083
3928	5894324	3584
1410	5897908	4438
1411	5902346	975
1412	5903321	792
1413	5904113	4176
1414	5908289	2673
1415	5910962	2962
1416	5913924	1256
1417	5915180	1949
1418	5917129	2322
1419	5919451	2740
1420	5922191	2308
1421	5924499	1295
1422	5925794	4703
1423	5930497	4584
1424	5935081	3581
1425	5938662	3134
1426	5941796	4108
1427	5945904	4507
1428	5950411	2777
1429	5953188	3825
1430	5957013	2312
1431	5959325	1743
1432	5961068	2301
1433	5963369	20502
1434	5983871	3314
1435	5987185	4086
1436	5991271	1921
1437	5993192	8736
1438	6001928	2680
1439	6004608	5319
1440	6009927	5351
1441	6015278	3691
1442	6018969	4172
1443	6023141	5934
1444	6029075	3031
1445	6032106	5464
1446	6037570	1740
1447	6039310	2623
1448	6041933	5034
1449	6046967	4791
1450	6051758	3314
1451	6055072	5422
1452	6060494	5493
1453	6065987	4280
1454	6070267	2540
1455	6072807	4414
1456	6077221	7402
4360	6084623	511
1458	6085134	4733
4359	6089867	481
1460	6090348	904
1461	6091252	795
1462	6092047	2236
1463	6094283	1781
1464	6096064	939
1465	6097003	1841
1466	6098844	12139
1467	6110983	4437
3824	6115420	2493
4113	6117913	2635
1470	6120548	9983
1471	6130531	1118
3919	6131649	4781
1473	6136430	3382
1474	6139812	1404
1475	6141216	3518
1476	6144734	5368
3954	6150102	5916
1478	6156018	5543
3821	6161561	5957
3825	6167518	7424
4057	6174942	3985
1482	6178927	2581
3906	6181508	2400
3903	6183908	5486
3865	6189394	4632
1486	6194026	5258
4014	6199284	4765
4029	6204049	4827
4111	6208876	2539
3907	6211415	4867
1491	6216282	1549
1492	6217831	3321
1493	6221152	1883
1494	6223035	3278
1495	6226313	5114
1496	6231427	2133
1497	6233560	5833
1498	6239393	2303
1499	6241696	4218
1500	6245914	4919
4358	6250833	533
4357	6251366	497
4356	6251863	473
4355	6252336	465
1505	6252801	4545
1506	6257346	13095
1507	6270441	17270
1508	6287711	12635
1509	6300346	22919
4090	6323265	10400
4354	6333665	495
1512	6334160	16167
1513	6350327	28678
1514	6379005	12778
4353	6391783	451
4352	6392234	435
1517	6392669	4350
4351	6397019	425
1519	6397444	34040
1520	6431484	2829
1521	6434313	2707
1522	6437020	15485
1523	6452505	11378
1524	6463883	8249
1525	6472132	9859
1526	6481991	2901
1527	6484892	6503
1528	6491395	8785
4350	6500180	1918
1530	6502098	14460
1531	6516558	13731
1532	6530289	28682
4349	6558971	22383
1534	6581354	16210
4348	6597564	5172
1536	6602736	14150
4347	6616886	2771
1538	6619657	25494
1539	6645151	547
4346	6645698	2958
1541	6648656	30543
3802	6679199	1309
1543	6680508	22407
3818	6702915	6392
1545	6709307	6010
1546	6715317	3894
1547	6719211	4741
3761	6723952	1154
3759	6725106	1146
1550	6726252	4254
1551	6730506	5976
3752	6736482	2754
3753	6739236	1926
4108	6741162	5105
1555	6746267	3290
1556	6749557	16701
1557	6766258	4541
1558	6770799	13401
3812	6784200	13396
3810	6797596	3764
3808	6801360	2429
1562	6803789	64296
4344	6868085	5523
1564	6873608	94569
3775	6968177	3925
4343	6972102	5188
4060	6977290	5406
1568	6982696	13626
3774	6996322	8195
4342	7004517	5241
1571	7009758	25498
4341	7035256	4842
3757	7040098	1154
3801	7041252	1097
4340	7042349	4040
4339	7046389	6478
4338	7052867	6407
3927	7059274	5982
1579	7065256	4147
1580	7069403	10469
3811	7079872	446
3809	7080318	3936
3807	7084254	3512
1584	7087766	42667
4336	7130433	5680
1586	7136113	94218
3773	7230331	6794
4335	7237125	5673
1589	7242798	390
1590	7243188	410
4334	7243598	7534
1592	7251132	14488
1593	7265620	13763
4333	7279383	10284
1595	7289667	365
1596	7290032	401
1597	7290433	2171
4332	7292604	22083
4331	7314687	8195
1600	7322882	28681
4330	7351563	2740
3747	7354303	4821
4329	7359124	4428
1604	7363552	56153
3884	7419705	2417
3883	7422122	24437
1607	7446559	9338
1608	7455897	8091
1609	7463988	6923
4328	7470911	4267
1611	7475178	94591
3800	7569769	5199
4327	7574968	4037
4326	7579005	9919
1615	7588924	5938
1616	7594862	5791
3799	7600653	8577
4325	7609230	7208
1619	7616438	7354
4046	7623792	11439
3746	7635231	3335
4323	7638566	5157
1623	7643723	12285
3798	7656008	5081
1625	7661089	5759
1626	7666848	7050
3943	7673898	5527
1628	7679425	6779
1629	7686204	5468
4045	7691672	4069
1631	7695741	4682
1632	7700423	8670
3819	7709093	8007
1634	7717100	4986
1635	7722086	17825
4322	7739911	3269
1637	7743180	3603
1638	7746783	8413
1639	7755196	4221
1640	7759417	5864
1641	7765281	10909
1642	7776190	7906
1643	7784096	8853
1644	7792949	25334
4321	7818283	2970
1646	7821253	16075
3797	7837328	2162
3942	7839490	5211
1649	7844701	5963
1650	7850664	5653
1651	7856317	3941
1652	7860258	7354
1653	7867612	3936
1654	7871548	3402
1655	7874950	4045
4107	7878995	23130
3745	7902125	4828
1658	7906953	15516
4318	7922469	4199
1660	7926668	12332
3720	7939000	3736
1662	7942736	14364
1663	7957100	14669
4317	7971769	15439
1665	7987208	5469
4316	7992677	3555
4315	7996232	2960
4314	7999192	2431
4313	8001623	5797
1670	8007420	4130
1671	8011550	5754
1672	8017304	10499
1673	8027803	7987
1674	8035790	8997
1675	8044787	17420
3766	8062207	797
1677	8063004	16083
3719	8079087	3644
4056	8082731	4959
1680	8087690	5953
4106	8093643	2677
1682	8096320	5978
1683	8102298	5683
1684	8107981	7338
4309	8115319	13432
3744	8128751	3833
3714	8132584	5451
1688	8138035	12274
3700	8150309	4360
4307	8154669	15071
3713	8169740	3459
4305	8173199	3021
4304	8176220	2071
1694	8178291	4248
1695	8182539	5748
1696	8188287	10480
3706	8198767	4679
1698	8203446	8846
1699	8212292	17659
4303	8229951	2665
1701	8232616	16115
3796	8248731	2475
4302	8251206	3814
1704	8255020	6079
1705	8261099	5745
1706	8266844	7347
4044	8274191	4640
3743	8278831	19820
4300	8298651	17513
1710	8316164	16797
4299	8332961	2934
3740	8335895	2618
4298	8338513	3250
1714	8341763	12273
3703	8354036	3459
4105	8357495	4870
4296	8362365	4183
4295	8366548	4439
4294	8370987	22738
4293	8393725	22965
4075	8416690	16958
4291	8433648	5658
3712	8439306	1232
4289	8440538	3191
4288	8443729	4986
1726	8448715	17802
4287	8466517	4548
3694	8471065	2851
4286	8473916	2346
3726	8476262	3556
3724	8479818	3652
1732	8483470	4093
1733	8487563	5887
3709	8493450	4854
1735	8498304	7990
3806	8506294	1829
1737	8508123	24248
4285	8532371	4130
1739	8536501	6021
1740	8542522	5683
3692	8548205	3957
3772	8552162	4764
4284	8556926	5147
1744	8562073	9629
1745	8571702	12364
4043	8584066	3634
4282	8587700	6957
4281	8594657	2826
3930	8597483	6042
3771	8603525	2013
4280	8605538	2840
4104	8608378	6198
4278	8614576	4569
4277	8619145	18021
1755	8637166	4076
3675	8641242	3742
3708	8644984	3419
1758	8648403	7960
1759	8656363	8719
1760	8665082	18146
3733	8683228	1244
1762	8684472	16152
3795	8700624	6381
4275	8707005	2969
1765	8709974	6056
1766	8716030	5640
3794	8721670	1663
4274	8723333	3658
1769	8726991	9727
4273	8736718	2744
1771	8739462	9404
4272	8748866	7896
3688	8756762	3509
3793	8760271	3416
4271	8763687	2707
1776	8766394	3611
3682	8770005	4010
4269	8774015	6381
3681	8780396	3811
3680	8784207	3649
3668	8787856	5354
3674	8793210	4310
3707	8797520	1516
3665	8799036	1259
3805	8800295	2371
1786	8802666	17650
3792	8820316	1521
4266	8821837	2516
1789	8824353	16151
1790	8840504	9660
3679	8850164	3549
4103	8853713	5124
1793	8858837	6037
1794	8864874	5692
4263	8870566	5210
4262	8875776	13507
3791	8889283	2603
3823	8891886	2505
4115	8894391	2193
4260	8896584	3355
1801	8899939	7306
4259	8907245	2508
3664	8909753	4005
4258	8913758	3184
4055	8916942	7939
3687	8924881	4725
3790	8929606	3777
1808	8933383	6333
1809	8939716	6671
3931	8946387	6663
1811	8953050	8141
1812	8961191	5190
3696	8966381	3138
1814	8969519	4074
1815	8973593	7881
1816	8981474	5520
1817	8986994	5532
3728	8992526	4522
3926	8997048	5859
3725	9002907	3201
3723	9006108	3244
1822	9009352	4282
1823	9013634	6127
1824	9019761	10471
1825	9030232	8010
3804	9038242	2475
1827	9040717	25147
4255	9065864	6525
1829	9072389	16154
3881	9088543	4430
1831	9092973	6329
3770	9099302	1329
4253	9100631	16465
1834	9117096	7534
4252	9124630	3494
1836	9128124	6080
1837	9134204	5698
1838	9139902	4093
3789	9143995	947
4251	9144942	5781
3663	9150723	19802
4250	9170525	4652
3686	9175177	3769
3788	9178946	3021
3925	9181967	5013
4248	9186980	9635
3837	9196615	2582
4246	9199197	5131
1849	9204328	4030
3673	9208358	1695
1851	9210053	10512
1852	9220565	8052
3803	9228617	1472
1854	9230089	18021
4245	9248110	2920
1856	9251030	16243
3769	9267273	5555
3941	9272828	25486
4243	9298314	6129
3655	9304443	14612
1861	9319055	5771
3787	9324826	2164
4242	9326990	4994
4241	9331984	2315
4240	9334299	5148
4239	9339447	4707
3662	9344154	3475
4238	9347629	14363
3715	9361992	3781
3786	9365773	2930
4237	9368703	3569
4236	9372272	2712
1873	9374984	4681
4235	9379665	2973
3741	9382638	1115
4234	9383753	3365
4233	9387118	6698
4232	9393816	2421
4231	9396237	5140
1880	9401377	6597
1881	9407974	6252
1882	9414226	11100
4230	9425326	4652
1884	9429978	3986
3672	9433964	3075
3635	9437039	19362
3633	9456401	2879
1888	9459280	8745
1889	9468025	17319
3785	9485344	1277
4229	9486621	7905
3654	9494526	3612
1893	9498138	5718
3784	9503856	2409
4228	9506265	6195
1896	9512460	17697
3767	9530157	1129
4227	9531286	21758
1899	9553044	3743
3940	9556787	2741
3739	9559528	3534
4225	9563062	4294
1903	9567356	10530
4224	9577886	3144
3684	9581030	4316
4223	9585346	3529
3783	9588875	9313
3924	9598188	2583
1909	9600771	6156
3815	9606927	2093
1911	9609020	3748
1912	9612768	6483
3992	9619251	9514
4041	9628765	2983
1915	9631748	4392
3993	9636140	4595
1917	9640735	5194
1918	9645929	6182
3727	9652111	18945
4221	9671056	3504
3722	9674560	2742
1922	9677302	3188
1923	9680490	3809
1924	9684299	6177
3634	9690476	3674
3933	9694150	5696
1927	9699846	8900
1928	9708746	23254
4220	9732000	2809
1930	9734809	16179
3782	9750988	1951
4219	9752939	2410
3653	9755349	4255
1934	9759604	5575
3781	9765179	4464
4218	9769643	8118
4217	9777761	3140
3627	9780901	11483
4216	9792384	6000
3683	9798384	3477
3780	9801861	2069
1942	9803930	15697
4215	9819627	4412
4214	9824039	3776
4213	9827815	30006
4212	9857821	5686
4211	9863507	7140
1948	9870647	2998
1949	9873645	5258
1950	9878903	9660
1951	9888563	7364
3617	9895927	4121
1953	9900048	16795
4210	9916843	7326
1955	9924169	16070
1956	9940239	7594
1957	9947833	3511
4209	9951344	7591
1959	9958935	5953
3721	9964888	3486
3768	9968374	8089
4208	9976463	5663
4207	9982126	6090
4206	9988216	9488
1965	9997704	10028
3939	10007732	4912
1967	10012644	57568
3779	10070212	6025
4204	10076237	3493
1970	10079730	16227
4203	10095957	6055
1972	10102012	6244
3778	10108256	8865
4202	10117121	5734
3670	10122855	3800
1976	10126655	5457
1977	10132112	7644
4201	10139756	10273
1979	10150029	13608
4200	10163637	13508
3646	10177145	5956
4199	10183101	2577
1983	10185678	3932
1984	10189610	7608
4198	10197218	5083
4197	10202301	17639
4196	10219940	4726
4195	10224666	2747
1989	10227413	3656
1990	10231069	7275
1991	10238344	3775
3847	10242119	3018
3950	10245137	24673
1994	10269810	8072
1995	10277882	8300
3841	10286182	2042
3651	10288224	3239
3702	10291463	1559
3820	10293022	5239
2000	10298261	4915
3691	10303176	4191
4193	10307367	17035
3912	10324402	5630
4191	10330032	21957
4190	10351989	2979
3822	10354968	4569
3836	10359537	610
3938	10360147	5284
4186	10365431	2747
4185	10368178	16100
4184	10384278	2900
3697	10387178	4067
3613	10391245	4794
4089	10396039	7041
4179	10403080	24485
4178	10427565	5612
4177	10433177	2446
4176	10435623	5267
4175	10440890	3657
4174	10444547	4714
4173	10449261	3968
4172	10453229	7328
4171	10460557	7116
4170	10467673	4539
4169	10472212	5716
3827	10477928	5415
3835	10483343	487
4166	10483830	2776
4165	10486606	11420
4164	10498026	10643
4163	10508669	4644
4162	10513313	5920
4161	10519233	21169
3833	10540402	1930
3960	10542332	19538
3834	10561870	646
3832	10562516	1787
4156	10564303	8848
4155	10573151	2581
4154	10575732	4969
3880	10580701	4635
4152	10585336	17317
4151	10602653	3344
4150	10605997	2924
4149	10608921	2917
3831	10611838	1144
4147	10612982	3145
4146	10616127	5117
4145	10621244	4593
4144	10625837	4584
3817	10630421	2665
3623	10633086	18439
3632	10651525	2135
3605	10653660	7318
2055	10660978	1329
3864	10662307	5030
3863	10667337	5446
3862	10672783	3854
4112	10676637	2538
4032	10679175	6701
4011	10685876	11463
3735	10697339	2966
4008	10700305	3878
4096	10704183	3209
4010	10707392	3247
3918	10710639	6086
2067	10716725	7720
3957	10724445	4314
4142	10728759	25237
4141	10753996	5051
4140	10759047	5333
4139	10764380	4352
3923	10768732	5542
4137	10774274	5238
3989	10779512	4546
4012	10784058	4926
3626	10788984	3407
4033	10792391	27459
3606	10819850	1637
3994	10821487	4991
4026	10826478	4831
4065	10831309	7660
4023	10838969	22920
3854	10861889	17261
2085	10879150	1426
3734	10880576	938
2087	10881514	1571
2088	10883085	1645
2089	10884730	3467
3961	10888197	2783
4099	10890980	7690
4110	10898670	14006
3908	10912676	6219
3905	10918895	34495
3730	10953390	3627
4031	10957017	4800
3732	10961817	4335
2098	10966152	3696
3996	10969848	3469
4028	10973317	3028
3695	10976345	3096
4136	10979441	4878
4025	10984319	4925
3988	10989244	4473
3987	10993717	5257
3986	10998974	16041
2107	11015015	1842
2108	11016857	2882
2109	11019739	8175
2110	11027914	7526
2111	11035440	3497
3983	11038937	5181
2113	11044118	1651
2114	11045769	958
3636	11046727	19785
3640	11066512	12573
2117	11079085	3768
3982	11082853	7194
4094	11090047	2391
4092	11092438	4958
3936	11097396	4238
3894	11101634	7792
3736	11109426	4077
3876	11113503	2477
3891	11115980	6097
3738	11122077	2854
3893	11124931	6901
3648	11131832	23599
3968	11155431	5549
3718	11160980	3295
3967	11164275	8026
3984	11172301	5416
3737	11177717	3555
3979	11181272	24342
4135	11205614	6343
4134	11211957	6645
3937	11218602	7298
3963	11225900	8478
3964	11234378	8368
3966	11242746	5512
3959	11248258	5347
4001	11253605	5674
3962	11259279	5149
3842	11264428	3830
3647	11268258	6360
2146	11274618	6420
2147	11281038	9584
3911	11290622	21917
2149	11312539	3782
2150	11316321	2106
3661	11318427	3577
2152	11322004	1581
2153	11323585	3126
2154	11326711	1316
2155	11328027	1356
2156	11329383	2081
2157	11331464	2126
2158	11333590	3124
2159	11336714	1451
2160	11338165	4439
2161	11342604	2278
2162	11344882	1567
2163	11346449	1038
2164	11347487	1514
2165	11349001	4414
2166	11353415	2428
2167	11355843	2682
2168	11358525	2511
2169	11361036	1911
2170	11362947	1490
2171	11364437	2499
2172	11366936	1284
2173	11368220	1529
2174	11369749	1665
2175	11371414	3382
2176	11374796	1503
2177	11376299	1444
2178	11377743	2203
2179	11379946	1288
3582	11381234	5656
2181	11386890	1004
2182	11387894	1596
2183	11389490	4008
2184	11393498	1694
2185	11395192	3600
2186	11398792	901
2187	11399693	2225
2188	11401918	907
2189	11402825	3585
2190	11406410	2324
2191	11408734	4062
2192	11412796	2483
2193	11415279	4659
2194	11419938	2400
2195	11422338	638
2196	11422976	4365
2197	11427341	1147
2198	11428488	4045
2199	11432533	1632
2200	11434165	2367
2201	11436532	2147
2202	11438679	1762
2203	11440441	2942
2204	11443383	1206
2205	11444589	1861
2206	11446450	1177
2207	11447627	4535
2208	11452162	3919
2209	11456081	2853
2210	11458934	1799
2211	11460733	1289
2212	11462022	5627
2213	11467649	4112
2214	11471761	2041
2215	11473802	1491
2216	11475293	936
2217	11476229	1217
2218	11477446	894
2219	11478340	957
2220	11479297	881
2221	11480178	1191
2222	11481369	1712
2223	11483081	1219
2224	11484300	1796
2225	11486096	1212
2226	11487308	1158
2227	11488466	1781
2228	11490247	6666
2229	11496913	2353
2230	11499266	3969
2231	11503235	1573
2232	11504808	1587
2233	11506395	3089
2234	11509484	1570
2235	11511054	7865
2236	11518919	3437
2237	11522356	2531
2238	11524887	2240
2239	11527127	2598
2240	11529725	1147
2241	11530872	4434
2242	11535306	1090
2243	11536396	1681
2244	11538077	3659
2245	11541736	2881
2246	11544617	2159
2247	11546776	2762
2248	11549538	1643
2249	11551181	1844
2250	11553025	4901
2251	11557926	767
2252	11558693	3235
2253	11561928	772
3638	11562700	4306
3955	11567006	4431
2256	11571437	5742
2257	11577179	10753
2258	11587932	3798
2259	11591730	1589
2260	11593319	2154
3596	11595473	3489
2262	11598962	4317
2263	11603279	6390
2264	11609669	3053
2265	11612722	6103
2266	11618825	6084
2267	11624909	1698
2268	11626607	6477
2269	11633084	3280
2270	11636364	6715
2271	11643079	9039
2272	11652118	1430
2273	11653548	2915
2274	11656463	1780
2275	11658243	3356
2276	11661599	6022
2277	11667621	6802
2278	11674423	6308
2279	11680731	6430
2280	11687161	9705
2281	11696866	9746
2282	11706612	1186
2283	11707798	719
2284	11708517	1152
2285	11709669	3802
2286	11713471	674
2287	11714145	5532
2288	11719677	1397
2289	11721074	2786
2290	11723860	2323
2291	11726183	5533
2292	11731716	12223
2293	11743939	2602
2294	11746541	26091
2295	11772632	3716
2296	11776348	4041
2297	11780389	12436
2298	11792825	4407
2299	11797232	3897
2300	11801129	14657
2301	11815786	12279
2302	11828065	3681
3660	11831746	2731
2304	11834477	9108
2305	11843585	1809
2306	11845394	718
2307	11846112	3237
2308	11849349	2862
2309	11852211	5825
2310	11858036	9624
2311	11867660	4049
2312	11871709	1140
2313	11872849	1791
2314	11874640	5506
2315	11880146	4603
2316	11884749	4549
2317	11889298	4400
2318	11893698	1864
2319	11895562	4376
2320	11899938	3681
2321	11903619	6170
2322	11909789	4197
2323	11913986	1111
2324	11915097	740
2325	11915837	8850
2326	11924687	3960
2327	11928647	7013
2328	11935660	1518
2329	11937178	2484
2330	11939662	1093
2331	11940755	1031
2332	11941786	1022
2333	11942808	5333
2334	11948141	11005
2335	11959146	753
2336	11959899	672
2337	11960571	4024
2338	11964595	10096
2339	11974691	1315
2340	11976006	3116
2341	11979122	858
4088	11979980	4776
2343	11984756	633
2344	11985389	994
2345	11986383	732
2346	11987115	1759
2347	11988874	12305
2348	12001179	4333
2349	12005512	11198
2350	12016710	3617
2351	12020327	5675
2352	12026002	2559
2353	12028561	8589
2354	12037150	7412
2355	12044562	2426
2356	12046988	1470
2357	12048458	1650
2358	12050108	2683
2359	12052791	2591
2360	12055382	2262
2361	12057644	3073
2362	12060717	2079
2363	12062796	2997
2364	12065793	6965
2365	12072758	6371
2366	12079129	6903
2367	12086032	6782
2368	12092814	3954
2369	12096768	8135
2370	12104903	7796
2371	12112699	3126
2372	12115825	1809
2373	12117634	2993
2374	12120627	1625
2375	12122252	3035
2376	12125287	3446
2377	12128733	1870
2378	12130603	1537
2379	12132140	4781
2380	12136921	1754
2381	12138675	1528
2382	12140203	2474
2383	12142677	3625
2384	12146302	2073
2385	12148375	1468
2386	12149843	2821
2387	12152664	7827
2388	12160491	3342
2389	12163833	3635
2390	12167468	8884
2391	12176352	3743
2392	12180095	2834
2393	12182929	2211
2394	12185140	3577
2395	12188717	3504
2396	12192221	2080
2397	12194301	1609
2398	12195910	1803
2399	12197713	6369
2400	12204082	3208
2401	12207290	2244
2402	12209534	1869
2403	12211403	3431
2404	12214834	5513
2405	12220347	2014
2406	12222361	4159
2407	12226520	2723
2408	12229243	3766
2409	12233009	1755
2410	12234764	1546
2411	12236310	1555
2412	12237865	1627
2413	12239492	3657
2414	12243149	2742
2415	12245891	3969
2416	12249860	2388
2417	12252248	2402
2418	12254650	2596
2419	12257246	2379
2420	12259625	2541
2421	12262166	23260
2422	12285426	3221
2423	12288647	3623
2424	12292270	6325
2425	12298595	3094
2426	12301689	3302
2427	12304991	3415
2428	12308406	5242
2429	12313648	1617
2430	12315265	2594
2431	12317859	3424
2432	12321283	2455
2433	12323738	1083
2434	12324821	2366
2435	12327187	5086
2436	12332273	4230
4087	12336503	19144
2438	12355647	3780
2439	12359427	2642
2440	12362069	5423
2441	12367492	2530
2442	12370022	3792
2443	12373814	1102
2444	12374916	5317
2445	12380233	1445
2446	12381678	1217
2447	12382895	2047
2448	12384942	7446
2449	12392388	3332
2450	12395720	2540
2451	12398260	8083
2452	12406343	11547
2453	12417890	2045
2454	12419935	3605
2455	12423540	5167
2456	12428707	5332
2457	12434039	5160
2458	12439199	6338
2459	12445537	1031
2460	12446568	7196
2461	12453764	2941
3751	12456705	2686
2463	12459391	4217
2464	12463608	6422
2465	12470030	2883
2466	12472913	1592
2467	12474505	2919
2468	12477424	3399
2469	12480823	1770
2470	12482593	5552
2471	12488145	9070
4132	12497215	2515
2473	12499730	2291
2474	12502021	8418
2475	12510439	6796
2476	12517235	6458
2477	12523693	3687
2478	12527380	3380
2479	12530760	2886
2480	12533646	3412
2481	12537058	468
2482	12537526	2166
2483	12539692	3924
3567	12543616	3791
2485	12547407	2908
2486	12550315	3577
2487	12553892	2694
2488	12556586	6559
2489	12563145	9420
2490	12572565	8437
2491	12581002	10524
2492	12591526	9691
2493	12601217	10273
2494	12611490	7955
2495	12619445	5471
2496	12624916	6241
3566	12631157	10549
2498	12641706	3548
2499	12645254	3987
3565	12649241	2777
2501	12652018	1555
2502	12653573	1660
2503	12655233	3149
2504	12658382	3511
3564	12661893	5299
3563	12667192	17880
2507	12685072	5934
3754	12691006	2445
2509	12693451	4591
2510	12698042	3481
2511	12701523	11601
2512	12713124	5149
4035	12718273	5782
2514	12724055	4803
2515	12728858	1068
2516	12729926	4164
2517	12734090	3655
2518	12737745	3440
3559	12741185	4044
3560	12745229	7540
2521	12752769	4555
2522	12757324	7983
2523	12765307	2243
2524	12767550	5535
2525	12773085	4375
2526	12777460	6529
2527	12783989	4787
2528	12788776	2165
2529	12790941	2141
2530	12793082	1491
2531	12794573	3311
2532	12797884	4593
2533	12802477	4132
2534	12806609	6233
2535	12812842	8575
2536	12821417	1851
2537	12823268	5778
2538	12829046	7272
2539	12836318	1283
2540	12837601	3418
2541	12841019	4105
2542	12845124	1624
2543	12846748	7292
2544	12854040	2752
2545	12856792	10137
2546	12866929	4290
2547	12871219	5802
2548	12877021	812
2549	12877833	3754
2550	12881587	1973
2551	12883560	9664
2552	12893224	2031
3678	12895255	4165
2554	12899420	2657
2555	12902077	3199
3704	12905276	3521
2557	12908797	3474
2558	12912271	8390
2559	12920661	2149
2560	12922810	1738
2561	12924548	1077
3922	12925625	4363
2563	12929988	1067
2564	12931055	1380
2565	12932435	5372
2566	12937807	5004
2567	12942811	2163
2568	12944974	1750
2569	12946724	4028
2570	12950752	2331
2571	12953083	2268
3669	12955351	4326
3576	12959677	8961
2574	12968638	1486
2575	12970124	4291
2576	12974415	1275
2577	12975690	1243
2578	12976933	1420
2579	12978353	1697
2580	12980050	5195
2581	12985245	2534
2582	12987779	1384
3641	12989163	6793
2584	12995956	10942
3716	13006898	5071
3657	13011969	4827
3580	13016796	7452
3578	13024248	5491
3577	13029739	8413
2590	13038152	7043
2591	13045195	1875
2592	13047070	7373
2593	13054443	3397
2594	13057840	1930
2595	13059770	12898
3910	13072668	2692
2597	13075360	4687
2598	13080047	1386
2599	13081433	2484
2600	13083917	2331
2601	13086248	2163
2602	13088411	3616
2603	13092027	1390
2604	13093417	11055
2605	13104472	1179
2606	13105651	681
2607	13106332	4769
4116	13111101	20140
2609	13131241	1304
2610	13132545	911
3642	13133456	25795
2612	13159251	3125
2613	13162376	1904
2614	13164280	2887
2615	13167167	980
2616	13168147	1330
2617	13169477	1365
2618	13170842	537
3643	13171379	11236
3644	13182615	7103
2621	13189718	4967
2622	13194685	3254
2623	13197939	2220
2624	13200159	869
2625	13201028	795
2626	13201823	1254
3777	13203077	1253
2628	13204330	1600
2629	13205930	777
2630	13206707	1694
4039	13208401	16499
2632	13224900	563
2633	13225463	1851
2634	13227314	2481
2635	13229795	2332
2636	13232127	2697
2637	13234824	1659
2638	13236483	631
2639	13237114	2170
2640	13239284	2206
2641	13241490	2210
2642	13243700	2333
2643	13246033	2145
2644	13248178	491
2645	13248669	2438
2646	13251107	1243
2647	13252350	3111
2648	13255461	1569
2649	13257030	716
2650	13257746	1054
2651	13258800	2006
2652	13260806	3126
2653	13263932	6329
2654	13270261	993
3852	13271254	4444
2656	13275698	947
2657	13276645	1157
3705	13277802	19547
2659	13297349	6322
2660	13303671	2854
2661	13306525	5088
2662	13311613	9079
2663	13320692	7364
3850	13328056	1705
4061	13329761	32601
3851	13362362	4437
2667	13366799	1519
2668	13368318	651
2669	13368969	3294
3625	13372263	5372
2671	13377635	2889
2672	13380524	2227
2673	13382751	5724
3756	13388475	1563
2675	13390038	4422
2676	13394460	702
2677	13395162	2563
2678	13397725	1548
3601	13399273	4252
2680	13403525	2527
2681	13406052	4371
2682	13410423	2936
2683	13413359	5441
2684	13418800	5875
2685	13424675	4474
2686	13429149	2771
2687	13431920	2077
2688	13433997	1079
2689	13435076	817
2690	13435893	2648
2691	13438541	5792
3848	13444333	1785
2693	13446118	1817
2694	13447935	1744
3849	13449679	8316
2696	13457995	1216
2697	13459211	2236
2698	13461447	2441
2699	13463888	1403
2700	13465291	592
2701	13465883	5013
2702	13470896	6131
2703	13477027	11633
2704	13488660	1227
2705	13489887	2352
4048	13492239	5928
3846	13498167	1583
2708	13499750	2192
3845	13501942	2393
2710	13504335	5196
2711	13509531	2450
2712	13511981	3032
2713	13515013	20089
2714	13535102	2858
2715	13537960	1622
3610	13539582	9457
2717	13549039	1773
2718	13550812	1470
2719	13552282	7360
2720	13559642	4612
2721	13564254	12600
2722	13576854	2422
2723	13579276	1832
2724	13581108	1455
2725	13582563	3118
2726	13585681	1388
2727	13587069	3890
4126	13590959	23462
3839	13614421	1927
2730	13616348	1346
2731	13617694	2395
2732	13620089	1969
3840	13622058	5779
2734	13627837	3475
4131	13631312	2461
2736	13633773	980
2737	13634753	7329
2738	13642082	5219
2739	13647301	6579
2740	13653880	4443
2741	13658323	3708
2742	13662031	2759
2743	13664790	30932
2744	13695722	3971
2745	13699693	5296
2746	13704989	2854
2747	13707843	1974
3838	13709817	2524
2749	13712341	1235
2750	13713576	2571
2751	13716147	3692
2752	13719839	2011
2753	13721850	3227
2754	13725077	2872
2755	13727949	7588
2756	13735537	421
2757	13735958	523
2758	13736481	11271
2759	13747752	4502
2760	13752254	3687
2761	13755941	9037
2762	13764978	3418
2763	13768396	2062
2764	13770458	2012
2765	13772470	7142
2766	13779612	6475
2767	13786087	3701
2768	13789788	2257
2769	13792045	14980
2770	13807025	6425
2771	13813450	1339
2772	13814789	1986
2773	13816775	2948
2774	13819723	2595
2775	13822318	2147
2776	13824465	1599
2777	13826064	751
2778	13826815	1401
2779	13828216	745
2780	13828961	397
2781	13829358	3998
3603	13833356	7871
2783	13841227	3073
2784	13844300	4175
2785	13848475	7618
2786	13856093	5448
2787	13861541	1366
3549	13862907	14107
2789	13877014	1183
2790	13878197	939
2791	13879136	1869
2792	13881005	2430
2793	13883435	5507
2794	13888942	2521
2795	13891463	8111
2796	13899574	2481
2797	13902055	926
2798	13902981	857
2799	13903838	1653
2800	13905491	2249
2801	13907740	7297
2802	13915037	1651
2803	13916688	4779
2804	13921467	2467
2805	13923934	3648
2806	13927582	2703
2807	13930285	6979
2808	13937264	2314
2809	13939578	3033
2810	13942611	4615
2811	13947226	2533
2812	13949759	2895
2813	13952654	1916
2814	13954570	1285
2815	13955855	4748
2816	13960603	1645
2817	13962248	1014
2818	13963262	1613
2819	13964875	1811
2820	13966686	4620
2821	13971306	1684
2822	13972990	2696
2823	13975686	9360
2824	13985046	1888
2825	13986934	2645
2826	13989579	9101
2827	13998680	3562
2828	14002242	6169
2829	14008411	3380
2830	14011791	2967
2831	14014758	7893
2832	14022651	1745
2833	14024396	2212
2834	14026608	1658
2835	14028266	974
3748	14029240	3321
2837	14032561	1690
2838	14034251	1792
2839	14036043	15090
2840	14051133	7398
2841	14058531	3154
2842	14061685	1686
2843	14063371	1422
2844	14064793	7699
2845	14072492	2003
2846	14074495	2125
2847	14076620	1795
2848	14078415	1697
2849	14080112	2088
2850	14082200	1168
2851	14083368	8507
2852	14091875	4226
3609	14096101	4616
3659	14100717	2628
3602	14103345	8227
2856	14111572	2373
2857	14113945	2429
2858	14116374	661
2859	14117035	1378
2860	14118413	10084
2861	14128497	21763
2862	14150260	873
2863	14151133	3515
3593	14154648	6341
2865	14160989	1424
2866	14162413	1069
2867	14163482	5761
2868	14169243	1214
2869	14170457	912
2870	14171369	10822
2871	14182191	1357
2872	14183548	17727
2873	14201275	9475
2874	14210750	2845
3701	14213595	3413
2876	14217008	1357
2877	14218365	4600
2878	14222965	5957
2879	14228922	1061
3698	14229983	3273
2881	14233256	2303
2882	14235559	8167
2883	14243726	3256
2884	14246982	1843
2885	14248825	531
2886	14249356	1549
2887	14250905	2277
3551	14253182	5003
2889	14258185	5935
2890	14264120	1331
2891	14265451	3169
2892	14268620	1241
2893	14269861	1315
2894	14271176	1105
2895	14272281	5537
2896	14277818	931
3581	14278749	7913
2898	14286662	344
2899	14287006	8876
2900	14295882	3591
2901	14299473	1607
2902	14301080	1339
2903	14302419	6396
2904	14308815	4073
2905	14312888	1251
2906	14314139	2944
2907	14317083	2657
2908	14319740	1780
2909	14321520	4111
2910	14325631	12817
2911	14338448	1475
2912	14339923	4030
2913	14343953	3580
2914	14347533	1365
2915	14348898	1088
2916	14349986	3959
2917	14353945	6873
3568	14360818	4736
2919	14365554	1584
2920	14367138	1518
2921	14368656	1453
2922	14370109	2431
2923	14372540	2158
2924	14374698	1747
2925	14376445	1764
2926	14378209	1155
2927	14379364	1636
2928	14381000	805
2929	14381805	7021
2930	14388826	8128
2931	14396954	1477
2932	14398431	1083
2933	14399514	4667
2934	14404181	2422
2935	14406603	1165
2936	14407768	6434
2937	14414202	1770
2938	14415972	7551
2939	14423523	2165
2940	14425688	6388
2941	14432076	3991
2942	14436067	1391
2943	14437458	8331
2944	14445789	6892
2945	14452681	9527
2946	14462208	3640
2947	14465848	2223
2948	14468071	3389
2949	14471460	4726
2950	14476186	1679
2951	14477865	4329
2952	14482194	5473
2953	14487667	3029
2954	14490696	2761
2955	14493457	3754
2956	14497211	2136
2957	14499347	4020
2958	14503367	13151
2959	14516518	2527
2960	14519045	1931
2961	14520976	3635
2962	14524611	3878
2963	14528489	3888
2964	14532377	1909
2965	14534286	5451
2966	14539737	6889
2967	14546626	2521
2968	14549147	4595
3946	14553742	4627
2970	14558369	1516
2971	14559885	2497
2972	14562382	2686
2973	14565068	827
2974	14565895	5374
2975	14571269	282
2976	14571551	851
2977	14572402	3590
2978	14575992	5939
2979	14581931	1251
2980	14583182	1398
3860	14584580	5237
4059	14589817	7172
2983	14596989	2400
2984	14599389	2216
3649	14601605	1575
2986	14603180	4074
3639	14607254	3530
2988	14610784	2951
2989	14613735	1153
2990	14614888	1797
2991	14616685	2016
2992	14618701	3140
2993	14621841	7157
2994	14628998	8626
2995	14637624	3980
2996	14641604	4011
2997	14645615	4641
2998	14650256	3917
2999	14654173	4644
3000	14658817	1171
3001	14659988	4230
3002	14664218	2722
3003	14666940	1730
3742	14668670	4228
3005	14672898	4054
3006	14676952	3890
3007	14680842	2904
3008	14683746	1304
3009	14685050	3180
3010	14688230	7705
3011	14695935	19088
3012	14715023	2211
3013	14717234	3799
3014	14721033	1661
3015	14722694	4267
4091	14726961	5124
3017	14732085	8868
3018	14740953	3158
3750	14744111	3653
3575	14747764	4158
4098	14751922	3790
3755	14755712	7171
3023	14762883	8725
3024	14771608	5782
3025	14777390	2181
3558	14779571	8653
3027	14788224	1228
3028	14789452	3878
3952	14793330	5585
3030	14798915	1679
3031	14800594	3454
3032	14804048	2820
3033	14806868	6307
3604	14813175	8011
3035	14821186	1821
3036	14823007	6769
3037	14829776	3688
3038	14833464	10449
3607	14843913	5260
3040	14849173	4577
3041	14853750	3539
3042	14857289	6467
3043	14863756	9653
3044	14873409	1607
3045	14875016	2792
3611	14877808	5317
3047	14883125	4574
3048	14887699	8728
3049	14896427	1600
3050	14898027	4830
3051	14902857	1978
3052	14904835	3143
3053	14907978	2460
3054	14910438	7796
3055	14918234	2673
3056	14920907	2024
3057	14922931	6227
3058	14929158	4255
3059	14933413	4375
3060	14937788	3844
3061	14941632	6897
3062	14948529	3614
3063	14952143	3294
3064	14955437	4634
3065	14960071	5276
3066	14965347	4453
3067	14969800	3429
3068	14973229	4131
3069	14977360	1149
3070	14978509	7957
3071	14986466	4581
3072	14991047	4399
3073	14995446	4384
3074	14999830	4096
3075	15003926	5574
3076	15009500	7808
3077	15017308	2356
3078	15019664	2137
3079	15021801	2960
3080	15024761	2954
3081	15027715	4624
3082	15032339	5439
3083	15037778	3178
3084	15040956	4098
3085	15045054	5470
3086	15050524	4692
3087	15055216	5128
3088	15060344	2500
3089	15062844	2738
3090	15065582	2978
3091	15068560	8272
3092	15076832	1238
3093	15078070	780
4129	15078850	2737
3095	15081587	4158
3096	15085745	3354
3097	15089099	1554
3098	15090653	9959
3099	15100612	3078
3100	15103690	8765
3101	15112455	3973
3102	15116428	5255
3103	15121683	4942
3104	15126625	8594
3105	15135219	4807
3106	15140026	3930
3107	15143956	531
3108	15144487	4696
3109	15149183	4404
3110	15153587	3824
3111	15157411	5835
3112	15163246	7227
3113	15170473	6479
3114	15176952	2583
3115	15179535	3370
3116	15182905	977
3117	15183882	22921
3118	15206803	18591
3119	15225394	2593
3120	15227987	8487
3121	15236474	1656
3122	15238130	2404
3123	15240534	7146
3124	15247680	3349
3125	15251029	11024
3126	15262053	2885
3127	15264938	3521
3128	15268459	3232
3129	15271691	4846
3130	15276537	7275
3131	15283812	6913
3132	15290725	6202
3133	15296927	1084
3134	15298011	2795
3135	15300806	3456
3136	15304262	1056
3137	15305318	2447
3138	15307765	1563
3139	15309328	6354
3140	15315682	13635
3141	15329317	2107
3142	15331424	12963
3143	15344387	6480
3144	15350867	2888
3145	15353755	5042
3146	15358797	1973
3147	15360770	9055
3148	15369825	6574
3149	15376399	2490
3150	15378889	6456
3151	15385345	1959
3152	15387304	1565
3153	15388869	2564
3154	15391433	2011
3155	15393444	3756
3156	15397200	946
3157	15398146	1211
3158	15399357	1930
3159	15401287	1442
3160	15402729	3815
3161	15406544	5722
3162	15412266	2244
3163	15414510	2906
3164	15417416	1508
3165	15418924	5754
3166	15424678	2662
3167	15427340	1291
3168	15428631	1269
3169	15429900	1338
3170	15431238	7959
3171	15439197	1716
3172	15440913	2834
3173	15443747	1246
3174	15444993	1434
3175	15446427	5128
3176	15451555	3045
3177	15454600	1300
3178	15455900	2792
3179	15458692	1447
3180	15460139	933
3181	15461072	2779
3182	15463851	1498
3183	15465349	911
3184	15466260	3004
3185	15469264	1226
3186	15470490	8783
3187	15479273	2612
3188	15481885	1628
3189	15483513	2238
3190	15485751	1994
3191	15487745	6257
3192	15494002	2082
3193	15496084	1570
3194	15497654	3151
3573	15500805	6493
3196	15507298	2687
3197	15509985	2886
3198	15512871	1040
3199	15513911	1422
3200	15515333	5509
3572	15520842	6734
3202	15527576	3622
3203	15531198	2084
3204	15533282	5812
3205	15539094	6784
3206	15545878	1224
3207	15547102	1523
3208	15548625	360
3209	15548985	2202
3571	15551187	5254
3211	15556441	2949
3212	15559390	1223
3570	15560613	4834
3214	15565447	925
3215	15566372	1871
3216	15568243	2970
3217	15571213	6889
3218	15578102	2664
3219	15580766	1566
3220	15582332	1771
3221	15584103	1708
3545	15585811	3925
3223	15589736	8962
3224	15598698	5613
3225	15604311	5671
3226	15609982	5488
3227	15615470	6745
3228	15622215	2076
3229	15624291	19459
3230	15643750	7683
3231	15651433	1822
3232	15653255	1240
3233	15654495	3038
3234	15657533	1860
3235	15659393	2695
3236	15662088	4177
3237	15666265	1415
3238	15667680	597
3239	15668277	6574
3240	15674851	2418
3241	15677269	1831
3242	15679100	3349
3243	15682449	1891
3244	15684340	13761
3245	15698101	544
3246	15698645	1642
3247	15700287	3033
3248	15703320	2370
3249	15705690	2834
3250	15708524	18376
3251	15726900	3766
3252	15730666	2434
3253	15733100	2059
3254	15735159	2529
3255	15737688	3455
3256	15741143	2481
3257	15743624	2536
3258	15746160	20285
3259	15766445	8416
3260	15774861	4389
3261	15779250	4493
3262	15783743	4162
3263	15787905	1552
3264	15789457	4504
3265	15793961	1382
3266	15795343	1200
3267	15796543	1498
3268	15798041	7446
3269	15805487	2198
3270	15807685	18045
3271	15825730	8898
3272	15834628	5695
3273	15840323	4043
3274	15844366	3580
3275	15847946	2072
3276	15850018	16392
3277	15866410	4479
3278	15870889	1172
3279	15872061	1946
3280	15874007	1372
3281	15875379	8195
3282	15883574	5191
3283	15888765	6863
3284	15895628	1948
3285	15897576	8224
3286	15905800	7581
3287	15913381	8525
3288	15921906	4997
3289	15926903	6764
3290	15933667	15111
3291	15948778	7561
3292	15956339	5101
3293	15961440	1389
3294	15962829	1590
3295	15964419	2172
3569	15966591	5416
3297	15972007	837
3298	15972844	6391
3299	15979235	2152
3300	15981387	8317
3301	15989704	4243
3302	15993947	1896
3303	15995843	5257
3304	16001100	5489
3305	16006589	9136
3306	16015725	4712
3307	16020437	9545
3308	16029982	3792
3309	16033774	1093
3310	16034867	1445
3311	16036312	1378
3312	16037690	9099
3313	16046789	316
3314	16047105	1748
3315	16048853	788
3316	16049641	1475
3317	16051116	12573
3318	16063689	8053
3319	16071742	4098
3320	16075840	5020
3321	16080860	4483
3322	16085343	8960
3889	16094303	2316
3324	16096619	5384
3325	16102003	2945
3326	16104948	3130
3327	16108078	1701
3328	16109779	8111
3329	16117890	3709
3330	16121599	14191
3331	16135790	3302
3332	16139092	3896
3333	16142988	4332
3334	16147320	11612
3335	16158932	949
3336	16159881	8023
3337	16167904	6285
3338	16174189	801
3339	16174990	5701
3340	16180691	15719
3341	16196410	935
3342	16197345	6084
3343	16203429	696
3344	16204125	5280
3345	16209405	8081
3346	16217486	1460
3347	16218946	4382
3348	16223328	720
3349	16224048	8932
3350	16232980	1379
3351	16234359	3762
3352	16238121	1657
3814	16239778	2471
3813	16242249	9613
3355	16251862	520
3356	16252382	4156
3357	16256538	6078
3358	16262616	1744
3359	16264360	3599
3360	16267959	2461
4064	16270420	11558
3362	16281978	5786
3363	16287764	7772
3364	16295536	4945
3365	16300481	913
3366	16301394	1279
3367	16302673	2039
3368	16304712	4071
3369	16308783	3500
3370	16312283	612
3371	16312895	4065
3372	16316960	2916
3373	16319876	2859
3374	16322735	3511
3375	16326246	5618
3376	16331864	4653
3377	16336517	5100
3378	16341617	2713
3379	16344330	9174
3380	16353504	9412
3381	16362916	5554
3554	16368470	4243
3383	16372713	7361
4063	16380074	13661
3546	16393735	7912
3729	16401647	3787
3387	16405434	2614
3388	16408048	8372
3389	16416420	1314
3861	16417734	11874
3391	16429608	3094
3677	16432702	4003
3393	16436705	2031
3394	16438736	1207
3395	16439943	1227
3396	16441170	5295
3397	16446465	2789
3398	16449254	4022
3399	16453276	1144
3400	16454420	2030
3921	16456450	5157
3584	16461607	4473
3403	16466080	2900
3404	16468980	1592
3541	16470572	1747
3816	16472319	2441
3407	16474760	745
3408	16475505	540
3409	16476045	869
3410	16476914	680
3411	16477594	541
3412	16478135	579
3413	16478714	1349
3414	16480063	3532
3415	16483595	3747
3416	16487342	520
3417	16487862	2093
3418	16489955	1346
3419	16491301	3404
3859	16494705	8527
3421	16503232	3276
3422	16506508	5332
3423	16511840	3018
3424	16514858	3819
3425	16518677	3298
3426	16521975	3047
3585	16525022	4968
3428	16529990	1943
3429	16531933	3206
3920	16535139	22991
4128	16558130	7811
3540	16565941	9784
3608	16575725	16457
3579	16592182	4280
3587	16596462	4378
3628	16600840	7885
3552	16608725	6548
3438	16615273	10083
3858	16625356	9319
3440	16634675	3832
3441	16638507	3456
3442	16641963	4226
3443	16646189	1525
3444	16647714	1466
3445	16649180	2361
3446	16651541	1958
3447	16653499	3110
3909	16656609	4614
3539	16661223	4625
3450	16665848	2396
3451	16668244	793
3452	16669037	1107
3453	16670144	2950
3454	16673094	4422
3455	16677516	9690
3456	16687206	2202
3457	16689408	3177
3458	16692585	2112
3459	16694697	2293
3460	16696990	27054
3461	16724044	1906
3462	16725950	1786
3463	16727736	5386
3548	16733122	3813
3465	16736935	2513
3466	16739448	3424
3467	16742872	4788
3468	16747660	3739
3469	16751399	3392
3470	16754791	15500
3471	16770291	4156
3472	16774447	3609
3473	16778056	10169
3474	16788225	1694
3475	16789919	1515
3476	16791434	5880
3574	16797314	4687
3478	16802001	5266
3479	16807267	3868
3480	16811135	2211
3997	16813346	9449
3482	16822795	680
3483	16823475	1546
3484	16825021	4665
3485	16829686	2751
3486	16832437	1967
3487	16834404	8807
3488	16843211	6287
3489	16849498	5207
3490	16854705	1988
3491	16856693	6490
3492	16863183	2984
3493	16866167	2954
3494	16869121	7526
3495	16876647	1712
3496	16878359	2132
3497	16880491	2607
3498	16883098	1714
3536	16884812	1409
3535	16886221	5712
3501	16891933	7630
3502	16899563	3396
3503	16902959	3053
3504	16906012	1915
3505	16907927	5590
3506	16913517	8201
3507	16921718	3223
3508	16924941	593
3509	16925534	3672
3510	16929206	5139
3511	16934345	6925
3512	16941270	937
3513	16942207	2379
3514	16944586	4384
3515	16948970	3568
3516	16952538	2921
3517	16955459	5642
3518	16961101	5104
3519	16966205	7370
3520	16973575	1140
3521	16974715	3955
3522	16978670	1363
3616	16980033	5563
3524	16985596	3309
3525	16988905	4398
3526	16993303	4892
3527	16998195	2361
3528	17000556	6095
3529	17006651	2295
3530	17008946	1724
3531	17010670	15328
3542	17025998	3493
3533	17029491	5409
3534	17034900	1387
