1	0	2519
2	2519	10175
3	12694	3321
4	16015	2750
5	18765	6141
6	24906	2300
7	27206	2596
8	29802	2216
9	32018	3724
10	35742	3191
11	38933	3408
12	42341	5287
13	47628	4374
14	52002	3779
15	55781	2276
16	58057	1359
17	59416	2980
18	62396	197
19	62593	5118
20	67711	1840
21	69551	1503
22	71054	3218
23	74272	2855
24	77127	3135
25	80262	5491
26	85753	535
27	86288	7503
28	93791	4593
29	98384	1789
30	100173	1953
31	102126	13275
32	115401	4170
33	119571	7112
34	126683	3386
35	130069	3960
36	134029	5068
37	139097	6417
38	145514	5356
39	150870	2578
40	153448	4703
41	158151	4448
42	162599	5223
43	167822	15499
44	183321	4150
45	187471	7273
46	194744	4364
47	199108	3755
48	202863	12550
49	215413	8000
50	223413	5540
51	228953	9713
52	238666	5102
53	243768	6612
54	250380	5527
55	255907	7368
56	263275	2997
57	266272	4057
58	270329	2264
59	272593	1217
60	273810	4985
61	278795	6888
62	285683	11559
63	297242	3858
64	301100	3339
65	304439	5765
66	310204	11391
67	321595	897
68	322492	1537
69	324029	4465
70	328494	732
71	329226	5868
72	335094	922
73	336016	2476
74	338492	2611
75	341103	1630
76	342733	4771
77	347504	1703
78	349207	2116
79	351323	3758
80	355081	3970
81	359051	2934
82	361985	3250
83	365235	2322
84	367557	5921
85	373478	4282
86	377760	6061
87	383821	2498
88	386319	3420
89	389739	2998
90	392737	2271
91	395008	10068
92	405076	3118
93	408194	2192
94	410386	6145
95	416531	15381
96	431912	4169
97	436081	8564
98	444645	7855
99	452500	1940
100	454440	9979
101	464419	2701
102	467120	733
103	467853	5958
104	473811	3334
105	477145	8951
106	486096	4023
107	490119	2049
108	492168	3430
109	495598	7596
110	503194	2640
111	505834	2737
112	508571	9668
113	518239	19345
114	537584	3116
115	540700	2753
116	543453	5376
117	548829	2261
118	551090	4267
119	555357	6596
120	561953	970
121	562923	4889
122	567812	8288
123	576100	5355
124	581455	6686
125	588141	930
126	589071	3795
127	592866	2959
128	595825	3594
129	599419	2550
130	601969	3710
131	605679	4696
132	610375	9640
133	620015	9647
134	629662	11539
135	641201	2163
136	643364	4806
137	648170	3028
138	651198	1658
139	652856	5796
140	658652	2041
141	660693	1933
142	662626	8402
143	671028	8805
144	679833	2768
145	682601	4503
146	687104	3158
147	690262	1954
148	692216	10659
149	702875	6292
150	709167	4893
151	714060	5316
152	719376	1330
153	720706	1866
154	722572	3615
155	726187	206
156	726393	3714
157	730107	2543
158	732650	7698
159	740348	7015
160	747363	6498
161	753861	8812
162	762673	3163
163	765836	2823
164	768659	1856
165	770515	7073
166	777588	3424
167	781012	2663
168	783675	1175
169	784850	11649
170	796499	10853
171	807352	9914
172	817266	6949
173	824215	8949
174	833164	2305
175	835469	532
176	836001	2787
177	838788	635
178	839423	6385
179	845808	4312
180	850120	2334
181	852454	9205
182	861659	6533
183	868192	1574
184	869766	7426
185	877192	2745
186	879937	7696
187	887633	4487
188	892120	2952
189	895072	6322
190	901394	9266
191	910660	2986
192	913646	4398
193	918044	3910
194	921954	1728
195	923682	6530
196	930212	5487
197	935699	5246
198	940945	8042
199	948987	1850
200	950837	2832
201	953669	2963
202	956632	3015
203	959647	2445
204	962092	2476
205	964568	2545
206	967113	861
207	967974	1603
208	969577	5837
209	975414	2585
210	977999	1295
211	979294	2052
212	981346	1587
213	982933	2905
214	985838	5810
215	991648	1202
216	992850	2829
217	995679	1851
218	997530	1244
219	998774	1128
220	999902	1785
221	1001687	5999
222	1007686	1809
223	1009495	3447
224	1012942	1602
225	1014544	620
226	1015164	2711
227	1017875	906
228	1018781	5768
229	1024549	5218
230	1029767	1620
231	1031387	771
232	1032158	800
233	1032958	2492
234	1035450	5807
235	1041257	3746
236	1045003	3722
237	1048725	3680
238	1052405	3775
239	1056180	3829
240	1060009	3857
241	1063866	4061
242	1067927	3878
243	1071805	3803
244	1075608	3827
245	1079435	3845
246	1083280	3764
247	1087044	3803
248	1090847	3821
249	1094668	3817
250	1098485	3864
251	1102349	3703
252	1106052	636
253	1106688	5827
254	1112515	692
255	1113207	2812
256	1116019	2875
257	1118894	1100
258	1119994	1283
259	1121277	7588
260	1128865	1492
261	1130357	2304
262	1132661	2104
263	1134765	1465
264	1136230	991
265	1137221	1710
266	1138931	2630
267	1141561	1917
268	1143478	17048
269	1160526	1554
270	1162080	4855
271	1166935	2116
272	1169051	2827
273	1171878	6287
274	1178165	541
275	1178706	4041
276	1182747	2049
277	1184796	1220
278	1186016	4666
279	1190682	861
280	1191543	2125
281	1193668	1903
282	1195571	4190
283	1199761	4703
284	1204464	9245
285	1213709	4138
286	1217847	2714
287	1220561	852
288	1221413	817
289	1222230	916
290	1223146	1060
291	1224206	791
292	1224997	3046
293	1228043	6329
294	1234372	1060
295	1235432	2550
296	1237982	1447
297	1239429	2758
298	1242187	1233
299	1243420	2711
300	1246131	442
301	1246573	6365
302	1252938	3593
303	1256531	6870
304	1263401	10192
305	1273593	2188
306	1275781	3685
307	1279466	2346
308	1281812	3718
309	1285530	2957
310	1288487	3784
311	1292271	1632
312	1293903	10149
313	1304052	2154
314	1306206	4997
315	1311203	2430
316	1313633	1524
317	1315157	7968
318	1323125	6805
319	1329930	4463
320	1334393	9628
321	1344021	6423
322	1350444	5748
323	1356192	2888
324	1359080	5693
325	1364773	10461
326	1375234	4326
327	1379560	6176
328	1385736	4650
329	1390386	2287
330	1392673	3442
331	1396115	8917
332	1405032	1818
333	1406850	5753
334	1412603	4060
335	1416663	4065
336	1420728	2623
337	1423351	379
338	1423730	1868
339	1425598	7415
340	1433013	4461
341	1437474	2441
342	1439915	1755
343	1441670	3099
344	1444769	3538
345	1448307	2804
346	1451111	5251
347	1456362	1188
348	1457550	1174
349	1458724	3126
350	1461850	7633
351	1469483	7666
352	1477149	1201
353	1478350	6048
354	1484398	1704
355	1486102	2341
356	1488443	4850
357	1493293	1735
358	1495028	3369
359	1498397	1939
360	1500336	1183
361	1501519	2653
362	1504172	682
363	1504854	2812
364	1507666	5222
365	1512888	198
366	1513086	1668
367	1514754	2846
368	1517600	4174
369	1521774	1263
370	1523037	1123
371	1524160	1630
372	1525790	1194
373	1526984	1674
374	1528658	836
375	1529494	877
376	1530371	3839
377	1534210	842
378	1535052	3126
379	1538178	7857
380	1546035	2559
381	1548594	1518
382	1550112	3173
383	1553285	1170
384	1554455	2711
385	1557166	2363
386	1559529	1358
387	1560887	1041
388	1561928	3684
389	1565612	3084
390	1568696	1476
391	1570172	8365
392	1578537	1475
393	1580012	2068
394	1582080	968
395	1583048	1678
396	1584726	1637
397	1586363	926
398	1587289	2439
399	1589728	9658
400	1599386	3971
401	1603357	3344
402	1606701	3695
403	1610396	6361
404	1616757	1492
405	1618249	2689
406	1620938	2098
407	1623036	3113
408	1626149	1607
409	1627756	8519
410	1636275	3508
411	1639783	3395
412	1643178	1370
413	1644548	7920
414	1652468	8204
415	1660672	8641
416	1669313	5690
417	1675003	7423
418	1682426	7086
419	1689512	5495
420	1695007	1799
421	1696806	6428
422	1703234	9040
423	1712274	3868
424	1716142	4597
425	1720739	2731
426	1723470	2401
427	1725871	3865
428	1729736	4813
429	1734549	4266
430	1738815	3251
431	1742066	7056
432	1749122	8579
433	1757701	8492
434	1766193	2800
435	1768993	649
436	1769642	4193
437	1773835	8139
438	1781974	8340
439	1790314	5411
440	1795725	2416
441	1798141	7601
442	1805742	6645
443	1812387	3465
444	1815852	2902
445	1818754	1062
446	1819816	3056
447	1822872	10603
448	1833475	7566
449	1841041	7619
450	1848660	1043
451	1849703	2971
452	1852674	1796
453	1854470	8030
454	1862500	6944
455	1869444	4064
456	1873508	1034
457	1874542	9582
458	1884124	9633
459	1893757	2708
460	1896465	3796
461	1900261	5693
462	1905954	14785
463	1920739	3047
464	1923786	4458
465	1928244	7894
466	1936138	6501
467	1942639	2509
468	1945148	3868
469	1949016	3803
470	1952819	1861
471	1954680	3388
472	1958068	5080
473	1963148	2242
474	1965390	1108
475	1966498	1365
476	1967863	3997
477	1971860	992
478	1972852	3488
479	1976340	3302
480	1979642	3677
481	1983319	3278
482	1986597	2466
483	1989063	988
484	1990051	1263
485	1991314	8068
486	1999382	7014
487	2006396	4485
488	2010881	7299
489	2018180	997
490	2019177	3331
491	2022508	9072
492	2031580	2149
493	2033729	6297
494	2040026	6288
495	2046314	1144
496	2047458	832
497	2048290	6802
498	2055092	3583
499	2058675	2682
500	2061357	1025
501	2062382	399
502	2062781	423
503	2063204	3746
504	2066950	38579
505	2105529	5520
506	2111049	9998
507	2121047	6455
508	2127502	6274
509	2133776	9599
510	2143375	15809
511	2159184	2030
512	2161214	2349
513	2163563	1990
514	2165553	2609
515	2168162	4504
516	2172666	2869
517	2175535	1856
518	2177391	1450
519	2178841	1522
520	2180363	2600
521	2182963	9560
522	2192523	1406
523	2193929	1115
524	2195044	1321
525	2196365	1231
526	2197596	9170
527	2206766	5735
528	2212501	6464
529	2218965	2073
530	2221038	915
531	2221953	2809
532	2224762	11587
533	2236349	3019
534	2239368	2326
535	2241694	1909
536	2243603	1064
537	2244667	1945
538	2246612	357
539	2246969	940
540	2247909	3245
541	2251154	2851
542	2254005	5800
543	2259805	1941
544	2261746	521
545	2262267	4988
546	2267255	1411
547	2268666	1707
548	2270373	3081
549	2273454	1045
550	2274499	4455
551	2278954	225
552	2279179	1040
553	2280219	45587
554	2325806	15521
555	2341327	1235
556	2342562	10007
557	2352569	1055
558	2353624	2271
559	2355895	6630
560	2362525	7801
561	2370326	2908
562	2373234	2780
563	2376014	6663
564	2382677	5863
565	2388540	22680
566	2411220	5895
567	2417115	5274
568	2422389	11738
569	2434127	1012
570	2435139	1761
571	2436900	1516
572	2438416	7251
573	2445667	1869
574	2447536	449
575	2447985	2966
576	2450951	7928
577	2458879	9003
578	2467882	1893
579	2469775	5066
580	2474841	8132
581	2482973	1158
582	2484131	2159
583	2486290	1087
584	2487377	14341
585	2501718	6742
586	2508460	6716
587	2515176	2691
588	2517867	5542
589	2523409	12580
590	2535989	2443
591	2538432	2622
592	2541054	11587
593	2552641	5942
594	2558583	5713
595	2564296	753
596	2565049	2190
597	2567239	2213
598	2569452	3597
599	2573049	2542
600	2575591	4557
601	2580148	7406
602	2587554	1299
603	2588853	1077
604	2589930	9079
605	2599009	11268
606	2610277	9253
607	2619530	16008
608	2635538	8755
609	2644293	8447
610	2652740	7382
611	2660122	11293
612	2671415	19506
613	2690921	13556
614	2704477	5484
615	2709961	492
616	2710453	832
617	2711285	3196
618	2714481	7342
619	2721823	539
620	2722362	1537
621	2723899	3459
622	2727358	2103
623	2729461	9169
624	2738630	8023
625	2746653	8566
626	2755219	4691
627	2759910	2689
628	2762599	4083
629	2766682	5080
630	2771762	7152
631	2778914	3407
632	2782321	2834
633	2785155	679
634	2785834	1052
635	2786886	1640
636	2788526	6678
637	2795204	1348
638	2796552	11451
639	2808003	6348
640	2814351	4439
641	2818790	25806
642	2844596	3750
643	2848346	5143
644	2853489	8406
645	2861895	9773
646	2871668	4633
647	2876301	6373
648	2882674	9599
649	2892273	12847
650	2905120	4692
651	2909812	10960
652	2920772	6274
653	2927046	5111
654	2932157	1757
655	2933914	3816
656	2937730	4767
657	2942497	3710
658	2946207	10718
659	2956925	9916
660	2966841	6850
661	2973691	6111
662	2979802	6589
663	2986391	5807
664	2992198	4100
665	2996298	3909
666	3000207	3505
667	3003712	3844
668	3007556	3334
669	3010890	12278
670	3023168	12845
671	3036013	4231
672	3040244	2863
673	3043107	5574
674	3048681	15920
675	3064601	4295
676	3068896	719
677	3069615	1204
678	3070819	4412
679	3075231	4386
680	3079617	2091
681	3081708	13040
682	3094748	6709
683	3101457	8836
684	3110293	7749
685	3118042	10700
686	3128742	216
687	3128958	7007
688	3135965	8950
689	3144915	2344
690	3147259	8166
691	3155425	8298
692	3163723	3899
693	3167622	5759
694	3173381	10270
695	3183651	2549
696	3186200	13746
697	3199946	4689
698	3204635	531
699	3205166	1535
700	3206701	3090
701	3209791	6718
702	3216509	8224
703	3224733	3720
704	3228453	5025
705	3233478	3505
706	3236983	1893
707	3238876	996
708	3239872	1415
709	3241287	1174
710	3242461	2103
711	3244564	1303
712	3245867	1742
713	3247609	1812
714	3249421	2186
715	3251607	1808
716	3253415	7671
717	3261086	18359
718	3279445	3883
719	3283328	4415
720	3287743	3350
721	3291093	3553
722	3294646	10517
723	3305163	4069
724	3309232	1223
725	3310455	898
726	3311353	1510
727	3312863	971
728	3313834	1979
729	3315813	4468
730	3320281	1636
731	3321917	6248
732	3328165	7704
733	3335869	1999
734	3337868	4009
735	3341877	2679
736	3344556	4777
737	3349333	8854
738	3358187	4983
739	3363170	7981
740	3371151	4791
741	3375942	10045
742	3385987	2218
743	3388205	1623
744	3389828	2107
745	3391935	1882
746	3393817	2443
747	3396260	2901
748	3399161	2589
749	3401750	13308
750	3415058	2496
751	3417554	2267
752	3419821	2521
753	3422342	3093
754	3425435	1594
755	3427029	10167
756	3437196	9659
757	3446855	4727
758	3451582	7007
759	3458589	3667
760	3462256	3434
761	3465690	2854
762	3468544	5885
763	3474429	3091
764	3477520	5866
765	3483386	4780
766	3488166	13742
767	3501908	3838
768	3505746	2977
769	3508723	1631
770	3510354	8116
771	3518470	5699
772	3524169	12510
773	3536679	3823
774	3540502	2212
775	3542714	5475
776	3548189	5857
777	3554046	7935
778	3561981	10150
779	3572131	3610
780	3575741	3396
781	3579137	2192
782	3581329	392
783	3581721	3791
784	3585512	2038
785	3587550	1491
786	3589041	7386
787	3596427	1028
788	3597455	952
789	3598407	1685
790	3600092	3286
791	3603378	1833
792	3605211	4069
793	3609280	2178
794	3611458	4035
795	3615493	1405
796	3616898	4928
797	3621826	2610
798	3624436	1761
799	3626197	1984
800	3628181	1493
801	3629674	477
802	3630151	3168
803	3633319	2116
804	3635435	10199
805	3645634	1132
806	3646766	1348
807	3648114	5187
808	3653301	2538
809	3655839	6660
810	3662499	7831
811	3670330	1423
812	3671753	1777
813	3673530	2251
814	3675781	3419
815	3679200	1963
816	3681163	2107
817	3683270	6054
818	3689324	2081
819	3691405	1462
820	3692867	1112
821	3693979	3183
822	3697162	6320
823	3703482	1989
824	3705471	2397
825	3707868	2614
826	3710482	2618
827	3713100	3608
828	3716708	1418
829	3718126	8501
830	3726627	3915
831	3730542	1485
832	3732027	10451
833	3742478	4105
834	3746583	7208
835	3753791	10041
836	3763832	3365
837	3767197	6501
838	3773698	4378
839	3778076	4667
840	3782743	2999
841	3785742	1326
842	3787068	3079
843	3790147	1962
844	3792109	1675
845	3793784	1721
846	3795505	3359
847	3798864	2070
848	3800934	2135
849	3803069	989
850	3804058	1899
851	3805957	3963
852	3809920	2204
853	3812124	5404
854	3817528	1750
855	3819278	1902
856	3821180	2550
857	3823730	2200
858	3825930	2385
859	3828315	2192
860	3830507	1799
861	3832306	2389
862	3834695	6024
863	3840719	4960
864	3845679	1634
865	3847313	13681
866	3860994	5378
867	3866372	982
868	3867354	14511
869	3881865	1860
870	3883725	1611
871	3885336	1101
872	3886437	1523
873	3887960	1770
874	3889730	6084
875	3895814	2994
876	3898808	3084
877	3901892	2392
878	3904284	1960
879	3906244	2856
880	3909100	5409
881	3914509	15398
882	3929907	7245
883	3937152	3361
884	3940513	3240
885	3943753	2546
886	3946299	2966
887	3949265	1348
888	3950613	2303
889	3952916	5279
890	3958195	1617
891	3959812	1302
892	3961114	1710
893	3962824	1996
894	3964820	2070
895	3966890	2609
896	3969499	2034
897	3971533	1501
898	3973034	1495
899	3974529	1400
900	3975929	2496
901	3978425	1484
902	3979909	3269
903	3983178	1208
904	3984386	1784
905	3986170	4561
906	3990731	1087
907	3991818	4228
908	3996046	1831
909	3997877	2153
910	4000030	217
911	4000247	4963
912	4005210	2637
913	4007847	2607
914	4010454	367
915	4010821	1533
916	4012354	1506
917	4013860	2195
918	4016055	1499
919	4017554	1087
920	4018641	2673
921	4021314	1021
922	4022335	335
923	4022670	4583
924	4027253	1290
925	4028543	899
926	4029442	3924
927	4033366	1346
928	4034712	3134
929	4037846	2629
930	4040475	542
931	4041017	1295
932	4042312	1244
933	4043556	2504
934	4046060	1203
935	4047263	8155
936	4055418	596
937	4056014	1341
938	4057355	7421
939	4064776	3874
940	4068650	3721
941	4072371	3473
942	4075844	7015
943	4082859	4928
944	4087787	1666
945	4089453	1600
946	4091053	2043
947	4093096	1348
948	4094444	512
949	4094956	1361
950	4096317	2303
951	4098620	4498
952	4103118	1544
953	4104662	11564
954	4116226	2059
955	4118285	822
956	4119107	924
957	4120031	1065
958	4121096	1830
959	4122926	721
960	4123647	11577
961	4135224	1788
962	4137012	2970
963	4139982	3751
964	4143733	955
965	4144688	2215
966	4146903	1234
967	4148137	4768
968	4152905	316
969	4153221	7061
970	4160282	1048
971	4161330	1787
972	4163117	2572
973	4165689	1490
974	4167179	1251
975	4168430	6685
976	4175115	3545
977	4178660	1012
978	4179672	3540
979	4183212	1658
980	4184870	3001
981	4187871	1325
982	4189196	514
983	4189710	781
984	4190491	4842
985	4195333	1239
986	4196572	6452
987	4203024	2697
988	4205721	449
989	4206170	4248
990	4210418	526
991	4210944	1492
992	4212436	2131
993	4214567	2801
994	4217368	3181
995	4220549	1381
996	4221930	1539
997	4223469	1141
998	4224610	1456
999	4226066	2355
1000	4228421	597
1001	4229018	1600
1002	4230618	3088
1003	4233706	1189
1004	4234895	594
1005	4235489	1580
1006	4237069	1651
1007	4238720	1577
1008	4240297	8831
1009	4249128	7794
1010	4256922	4446
1011	4261368	2937
1012	4264305	620
1013	4264925	7702
1014	4272627	4060
1015	4276687	12567
1016	4289254	4941
1017	4294195	2540
1018	4296735	3916
1019	4300651	16220
1020	4316871	6326
1021	4323197	2637
1022	4325834	316
1023	4326150	2366
1024	4328516	3873
1025	4332389	2835
1026	4335224	13578
1027	4348802	7949
1028	4356751	1926
1029	4358677	2797
1030	4361474	1948
1031	4363422	1866
1032	4365288	3488
1033	4368776	2233
1034	4371009	3075
1035	4374084	2008
1036	4376092	1846
1037	4377938	2208
1038	4380146	2954
1039	4383100	2874
1040	4385974	1947
1041	4387921	2232
1042	4390153	2207
1043	4392360	1845
1044	4394205	2007
1045	4396212	2621
1046	4398833	3338
1047	4402171	2185
1048	4404356	1928
1049	4406284	1791
1050	4408075	2103
1051	4410178	4519
1052	4414697	3915
1053	4418612	3817
1054	4422429	3024
1055	4425453	2469
1056	4427922	2584
1057	4430506	2349
1058	4432855	2390
1059	4435245	4519
1060	4439764	331
1061	4440095	5882
1062	4445977	3915
1063	4449892	3817
1064	4453709	9971
1065	4463680	2825
1066	4466505	977
1067	4467482	4441
1068	4471923	7189
1069	4479112	316
1070	4479428	3216
1071	4482644	2689
1072	4485333	2396
1073	4487729	2615
1074	4490344	3586
1075	4493930	4371
1076	4498301	2628
1077	4500929	5009
1078	4505938	2767
1079	4508705	8245
1080	4516950	2770
1081	4519720	6305
1082	4526025	2464
1083	4528489	1237
1084	4529726	17858
1085	4547584	9891
1086	4557475	2978
1087	4560453	3261
1088	4563714	5905
1089	4569619	3500
1090	4573119	1959
1091	4575078	3097
1092	4578175	4512
1093	4582687	4393
1094	4587080	3737
1095	4590817	3009
1096	4593826	24593
1097	4618419	11350
1098	4629769	16342
1099	4646111	30745
1100	4676856	3803
1101	4680659	2146
1102	4682805	1008
1103	4683813	5445
1104	4689258	1977
1105	4691235	1507
1106	4692742	1862
1107	4694604	1176
1108	4695780	1183
1109	4696963	6964
1110	4703927	3762
1111	4707689	1028
1112	4708717	2478
1113	4711195	2237
1114	4713432	3228
1115	4716660	2593
1116	4719253	30048
1117	4749301	1102
1118	4750403	1752
1119	4752155	5115
1120	4757270	1256
1121	4758526	1656
1122	4760182	1737
1123	4761919	2416
1124	4764335	1684
1125	4766019	1588
1126	4767607	2645
1127	4770252	3228
1128	4773480	4670
1129	4778150	1790
1130	4779940	961
1131	4780901	1500
1132	4782401	2060
1133	4784461	1534
1134	4785995	1806
1135	4787801	1294
1136	4789095	1913
1137	4791008	1629
1138	4792637	866
1139	4793503	2724
1140	4796227	1881
1141	4798108	6161
1142	4804269	2735
1143	4807004	1410
1144	4808414	1212
1145	4809626	2694
1146	4812320	1463
1147	4813783	2323
1148	4816106	1474
1149	4817580	1346
1150	4818926	2198
1151	4821124	1527
1152	4822651	1722
1153	4824373	5226
1154	4829599	2594
1155	4832193	5616
1156	4837809	1682
1157	4839491	1304
1158	4840795	2977
1159	4843772	1609
1160	4845381	2797
1161	4848178	1301
1162	4849479	868
1163	4850347	1615
1164	4851962	4003
1165	4855965	3244
1166	4859209	2993
1167	4862202	3365
1168	4865567	2720
1169	4868287	1415
1170	4869702	1378
1171	4871080	892
1172	4871972	2173
1173	4874145	1635
1174	4875780	1098
1175	4876878	3332
1176	4880210	3209
1177	4883419	3786
1178	4887205	1762
1179	4888967	4880
1180	4893847	3872
1181	4897719	1775
1182	4899494	1793
1183	4901287	977
1184	4902264	1278
1185	4903542	993
1186	4904535	1170
1187	4905705	5094
1188	4910799	2289
1189	4913088	1863
1190	4914951	1137
1191	4916088	1300
1192	4917388	1246
1193	4918634	4191
1194	4922825	1514
1195	4924339	2697
1196	4927036	2149
1197	4929185	1107
1198	4930292	1842
1199	4932134	5007
1200	4937141	2346
1201	4939487	5139
1202	4944626	7832
1203	4952458	5326
1204	4957784	11015
1205	4968799	1840
1206	4970639	7275
1207	4977914	3696
1208	4981610	7934
1209	4989544	486
1210	4990030	5221
1211	4995251	2502
1212	4997753	3089
1213	5000842	3887
1214	5004729	757
1215	5005486	879
1216	5006365	5680
1217	5012045	1492
1218	5013537	2146
1219	5015683	2626
1220	5018309	3674
1221	5021983	3278
1222	5025261	2094
1223	5027355	4834
1224	5032189	10150
1225	5042339	595
1226	5042934	3172
1227	5046106	3461
1228	5049567	5322
1229	5054889	3771
1230	5058660	6256
1231	5064916	9864
1232	5074780	2083
1233	5076863	1639
1234	5078502	3131
1235	5081633	5588
1236	5087221	3676
1237	5090897	1990
1238	5092887	4402
1239	5097289	1372
1240	5098661	9461
1241	5108122	4584
1242	5112706	2589
1243	5115295	3583
1244	5118878	1811
1245	5120689	1491
1246	5122180	1513
1247	5123693	4724
1248	5128417	2899
1249	5131316	8567
1250	5139883	7783
1251	5147666	5314
1252	5152980	3049
1253	5156029	7132
1254	5163161	1202
1255	5164363	2809
1256	5167172	2596
1257	5169768	1956
1258	5171724	2325
1259	5174049	532
1260	5174581	5889
1261	5180470	525
1262	5180995	2081
1263	5183076	6633
1264	5189709	5888
1265	5195597	2526
1266	5198123	3080
1267	5201203	8947
1268	5210150	3622
1269	5213772	3899
1270	5217671	3046
1271	5220717	8962
1272	5229679	4046
1273	5233725	3399
1274	5237124	3644
1275	5240768	1473
1276	5242241	4488
1277	5246729	1028
1278	5247757	1782
1279	5249539	5602
1280	5255141	2101
1281	5257242	1802
1282	5259044	15860
1283	5274904	5939
1284	5280843	2260
1285	5283103	2624
1286	5285727	5409
1287	5291136	3928
1288	5295064	13777
1289	5308841	3832
1290	5312673	1855
1291	5314528	3645
1292	5318173	6600
1293	5324773	2967
1294	5327740	571
1295	5328311	4696
1296	5333007	4562
1297	5337569	2716
1298	5340285	4749
1299	5345034	2164
1300	5347198	746
1301	5347944	1040
1302	5348984	1096
1303	5350080	6700
1304	5356780	2171
1305	5358951	1942
1306	5360893	6700
1307	5367593	6217
1308	5373810	3638
1309	5377448	641
1310	5378089	1847
1311	5379936	3091
1312	5383027	1268
1313	5384295	2311
1314	5386606	1123
1315	5387729	3490
1316	5391219	4122
1317	5395341	4338
1318	5399679	6298
1319	5405977	3765
1320	5409742	722
1321	5410464	4287
1322	5414751	4091
1323	5418842	547
1324	5419389	1009
1325	5420398	1594
1326	5421992	3665
1327	5425657	3599
1328	5429256	4814
1329	5434070	2708
1330	5436778	2089
1331	5438867	3141
1332	5442008	812
1333	5442820	7192
1334	5450012	957
1335	5450969	3158
1336	5454127	2395
1337	5456522	2684
1338	5459206	3416
1339	5462622	2560
1340	5465182	4081
1341	5469263	2052
1342	5471315	1872
1343	5473187	4446
1344	5477633	1433
1345	5479066	4435
1346	5483501	3892
1347	5487393	5691
1348	5493084	6675
1349	5499759	4541
1350	5504300	1811
1351	5506111	1280
1352	5507391	2859
1353	5510250	6454
1354	5516704	2549
1355	5519253	3458
1356	5522711	2723
1357	5525434	2287
1358	5527721	10510
1359	5538231	774
1360	5539005	9126
1361	5548131	6824
1362	5554955	2215
1363	5557170	2531
1364	5559701	2401
1365	5562102	2380
1366	5564482	1357
1367	5565839	1146
1368	5566985	2956
1369	5569941	10182
1370	5580123	1287
1371	5581410	3979
1372	5585389	1135
1373	5586524	467
1374	5586991	10806
1375	5597797	1846
1376	5599643	3374
1377	5603017	3353
1378	5606370	3593
1379	5609963	9703
1380	5619666	2195
1381	5621861	1122
1382	5622983	791
1383	5623774	1065
1384	5624839	1843
1385	5626682	8532
1386	5635214	3466
1387	5638680	6356
1388	5645036	4825
1389	5649861	5621
1390	5655482	1717
1391	5657199	5371
1392	5662570	1702
1393	5664272	1721
1394	5665993	6813
1395	5672806	2795
1396	5675601	1507
1397	5677108	2077
1398	5679185	2591
1399	5681776	2588
1400	5684364	3791
1401	5688155	3144
1402	5691299	5177
1403	5696476	5568
1404	5702044	4702
1405	5706746	5539
1406	5712285	1881
1407	5714166	3885
1408	5718051	6083
1409	5724134	2466
1410	5726600	4438
1411	5731038	975
1412	5732013	792
1413	5732805	4176
1414	5736981	2673
1415	5739654	2962
1416	5742616	1256
1417	5743872	1949
1418	5745821	2322
1419	5748143	2740
1420	5750883	2308
1421	5753191	1295
1422	5754486	4703
1423	5759189	4584
1424	5763773	3581
1425	5767354	3134
1426	5770488	4108
1427	5774596	4507
1428	5779103	2777
1429	5781880	3825
1430	5785705	2312
1431	5788017	1743
1432	5789760	2301
1433	5792061	20502
1434	5812563	3314
1435	5815877	4086
1436	5819963	1921
1437	5821884	8736
1438	5830620	2680
1439	5833300	5319
1440	5838619	5351
1441	5843970	3691
1442	5847661	4172
1443	5851833	5934
1444	5857767	3031
1445	5860798	5464
1446	5866262	1740
1447	5868002	2623
1448	5870625	5034
1449	5875659	4791
1450	5880450	3314
1451	5883764	5422
1452	5889186	5493
1453	5894679	4280
1454	5898959	2540
1455	5901499	4414
1456	5905913	7402
1457	5913315	187
1458	5913502	4733
1459	5918235	172
1460	5918407	904
1461	5919311	795
1462	5920106	2236
1463	5922342	1781
1464	5924123	939
1465	5925062	1841
1466	5926903	12139
1467	5939042	4437
1468	5943479	1883
1469	5945362	6890
1470	5952252	9983
1471	5962235	1118
1472	5963353	9947
1473	5973300	3382
1474	5976682	1404
1475	5978086	3518
1476	5981604	5368
1477	5986972	4668
1478	5991640	5543
1479	5997183	3458
1480	6000641	1737
1481	6002378	783
1482	6003161	2581
1483	6005742	3942
1484	6009684	3530
1485	6013214	5171
1486	6018385	5258
1487	6023643	1316
1488	6024959	9375
1489	6034334	3290
1490	6037624	596
1491	6038220	1549
1492	6039769	3321
1493	6043090	1883
1494	6044973	3278
1495	6048251	5114
1496	6053365	2133
1497	6055498	5833
1498	6061331	2303
1499	6063634	4218
1500	6067852	4919
1501	6072771	210
1502	6072981	172
1503	6073153	200
1504	6073353	172
1505	6073525	4545
1506	6078070	13095
1507	6091165	17270
1508	6108435	12635
1509	6121070	22919
1510	6143989	43926
1511	6187915	185
1512	6188100	16167
1513	6204267	28678
1514	6232945	12778
1515	6245723	226
1516	6245949	172
1517	6246121	4350
1518	6250471	166
1519	6250637	34040
1520	6284677	2829
1521	6287506	2707
1522	6290213	15485
1523	6305698	11378
1524	6317076	8249
1525	6325325	9859
1526	6335184	2901
1527	6338085	6503
1528	6344588	8785
1529	6353373	187
1530	6353560	14460
1531	6368020	13731
1532	6381751	28682
1533	6410433	175
1534	6410608	16210
1535	6426818	215
1536	6427033	14150
1537	6441183	216
1538	6441399	25494
1539	6466893	547
1540	6467440	187
1541	6467627	30543
1542	6498170	7347
1543	6505517	22407
1544	6527924	4632
1545	6532556	6010
1546	6538566	3894
1547	6542460	4741
1548	6547201	4517
1549	6551718	7014
1550	6558732	4254
1551	6562986	5976
1552	6568962	3873
1553	6572835	4950
1554	6577785	212
1555	6577997	3290
1556	6581287	16701
1557	6597988	4541
1558	6602529	13401
1559	6615930	17261
1560	6633191	12757
1561	6645948	22856
1562	6668804	64296
1563	6733100	216
1564	6733316	94569
1565	6827885	28698
1566	6856583	206
1567	6856789	14548
1568	6871337	13626
1569	6884963	28708
1570	6913671	221
1571	6913892	25498
1572	6939390	174
1573	6939564	30424
1574	6969988	28681
1575	6998669	174
1576	6998843	192
1577	6999035	185
1578	6999220	212
1579	6999432	4147
1580	7003579	10469
1581	7014048	17282
1582	7031330	12642
1583	7043972	17599
1584	7061571	42667
1585	7104238	217
1586	7104455	94218
1587	7198673	28678
1588	7227351	203
1589	7227554	390
1590	7227944	410
1591	7228354	186
1592	7228540	14488
1593	7243028	13763
1594	7256791	212
1595	7257003	365
1596	7257368	401
1597	7257769	2171
1598	7259940	174
1599	7260114	263
1600	7260377	28681
1601	7289058	194
1602	7289252	10610
1603	7299862	237
1604	7300099	56153
1605	7356252	10809
1606	7367061	5828
1607	7372889	9338
1608	7382227	8091
1609	7390318	6923
1610	7397241	183
1611	7397424	94591
1612	7492015	7523
1613	7499538	214
1614	7499752	196
1615	7499948	5938
1616	7505886	5791
1617	7511677	7332
1618	7519009	206
1619	7519215	7354
1620	7526569	188
1621	7526757	10109
1622	7536866	192
1623	7537058	12285
1624	7549343	7312
1625	7556655	5759
1626	7562414	7050
1627	7569464	4382
1628	7573846	6779
1629	7580625	5468
1630	7586093	7352
1631	7593445	4682
1632	7598127	8670
1633	7606797	5486
1634	7612283	4986
1635	7617269	17825
1636	7635094	200
1637	7635294	3603
1638	7638897	8413
1639	7647310	4221
1640	7651531	5864
1641	7657395	10909
1642	7668304	7906
1643	7676210	8853
1644	7685063	25334
1645	7710397	187
1646	7710584	16075
1647	7726659	7321
1648	7733980	194
1649	7734174	5963
1650	7740137	5653
1651	7745790	3941
1652	7749731	7354
1653	7757085	3936
1654	7761021	3402
1655	7764423	4045
1656	7768468	216
1657	7768684	10687
1658	7779371	15516
1659	7794887	172
1660	7795059	12332
1661	7807391	7347
1662	7814738	14364
1663	7829102	14669
1664	7843771	173
1665	7843944	5469
1666	7849413	211
1667	7849624	185
1668	7849809	191
1669	7850000	185
1670	7850185	4130
1671	7854315	5754
1672	7860069	10499
1673	7870568	7987
1674	7878555	8997
1675	7887552	17420
1676	7904972	186
1677	7905158	16083
1678	7921241	7310
1679	7928551	173
1680	7928724	5953
1681	7934677	188
1682	7934865	5978
1683	7940843	5683
1684	7946526	7338
1685	7953864	216
1686	7954080	10423
1687	7964503	184
1688	7964687	12274
1689	7976961	7303
1690	7984264	211
1691	7984475	185
1692	7984660	166
1693	7984826	185
1694	7985011	4248
1695	7989259	5748
1696	7995007	10480
1697	8005487	7944
1698	8013431	8846
1699	8022277	17659
1700	8039936	186
1701	8040122	16115
1702	8056237	7343
1703	8063580	209
1704	8063789	6079
1705	8069868	5745
1706	8075613	7347
1707	8082960	278
1708	8083238	9833
1709	8093071	173
1710	8093244	16797
1711	8110041	213
1712	8110254	7311
1713	8117565	166
1714	8117731	12273
1715	8130004	7323
1716	8137327	188
1717	8137515	206
1718	8137721	188
1719	8137909	200
1720	8138109	188
1721	8138297	182
1722	8138479	188
1723	8138667	185
1724	8138852	200
1725	8139052	194
1726	8139246	17802
1727	8157048	185
1728	8157233	16163
1729	8173396	215
1730	8173611	3836
1731	8177447	8510
1732	8185957	4093
1733	8190050	5887
1734	8195937	10488
1735	8206425	7990
1736	8214415	8880
1737	8223295	24248
1738	8247543	183
1739	8247726	6021
1740	8253747	5683
1741	8259430	7311
1742	8266741	7436
1743	8274177	215
1744	8274392	9629
1745	8284021	12364
1746	8296385	193
1747	8296578	187
1748	8296765	167
1749	8296932	12196
1750	8309128	7338
1751	8316466	194
1752	8316660	166
1753	8316826	185
1754	8317011	210
1755	8317221	4076
1756	8321297	5750
1757	8327047	10476
1758	8337523	7960
1759	8345483	8719
1760	8354202	18146
1761	8372348	179
1762	8372527	16152
1763	8388679	7303
1764	8395982	199
1765	8396181	6056
1766	8402237	5640
1767	8407877	7295
1768	8415172	225
1769	8415397	9727
1770	8425124	206
1771	8425330	9404
1772	8434734	173
1773	8434907	12221
1774	8447128	7306
1775	8454434	171
1776	8454605	3611
1777	8458216	192
1778	8458408	178
1779	8458586	160
1780	8458746	210
1781	8458956	4097
1782	8463053	5975
1783	8469028	10569
1784	8479597	7863
1785	8487460	8734
1786	8496194	17650
1787	8513844	7292
1788	8521136	185
1789	8521321	16151
1790	8537472	9660
1791	8547132	225
1792	8547357	205
1793	8547562	6037
1794	8553599	5692
1795	8559291	196
1796	8559487	187
1797	8559674	7303
1798	8566977	183
1799	8567160	16873
1800	8584033	213
1801	8584246	7306
1802	8591552	233
1803	8591785	9842
1804	8601627	187
1805	8601814	207
1806	8602021	12339
1807	8614360	7285
1808	8621645	6333
1809	8627978	6671
1810	8634649	4323
1811	8638972	8141
1812	8647113	5190
1813	8652303	4939
1814	8657242	4074
1815	8661316	7881
1816	8669197	5520
1817	8674717	5532
1818	8680249	17853
1819	8698102	212
1820	8698314	3856
1821	8702170	8473
1822	8710643	4282
1823	8714925	6127
1824	8721052	10471
1825	8731523	8010
1826	8739533	8784
1827	8748317	25147
1828	8773464	173
1829	8773637	16154
1830	8789791	190
1831	8789981	6329
1832	8796310	11068
1833	8807378	188
1834	8807566	7534
1835	8815100	193
1836	8815293	6080
1837	8821373	5698
1838	8827071	4093
1839	8831164	7342
1840	8838506	215
1841	8838721	10353
1842	8849074	173
1843	8849247	12361
1844	8861608	7348
1845	8868956	234
1846	8869190	160
1847	8869350	224
1848	8869574	160
1849	8869734	4030
1850	8873764	6009
1851	8879773	10512
1852	8890285	8052
1853	8898337	8782
1854	8907119	18021
1855	8925140	185
1856	8925325	16243
1857	8941568	7339
1858	8948907	191
1859	8949098	199
1860	8949297	6103
1861	8955400	5771
1862	8961171	7365
1863	8968536	252
1864	8968788	175
1865	8968963	178
1866	8969141	203
1867	8969344	9576
1868	8978920	173
1869	8979093	12336
1870	8991429	7373
1871	8998802	220
1872	8999022	227
1873	8999249	4681
1874	9003930	179
1875	9004109	16221
1876	9020330	160
1877	9020490	187
1878	9020677	167
1879	9020844	197
1880	9021041	6597
1881	9027638	6252
1882	9033890	11100
1883	9044990	210
1884	9045200	3986
1885	9049186	5943
1886	9055129	10517
1887	9065646	7978
1888	9073624	8745
1889	9082369	17319
1890	9099688	7627
1891	9107315	187
1892	9107502	6086
1893	9113588	5718
1894	9119306	7634
1895	9126940	244
1896	9127184	17697
1897	9144881	15416
1898	9160297	196
1899	9160493	3743
1900	9164236	237
1901	9164473	7022
1902	9171495	215
1903	9171710	10530
1904	9182240	173
1905	9182413	12420
1906	9194833	182
1907	9195015	7602
1908	9202617	184
1909	9202801	6156
1910	9208957	4765
1911	9213722	3748
1912	9217470	6483
1913	9223953	5265
1914	9229218	4761
1915	9233979	4392
1916	9238371	5917
1917	9244288	5194
1918	9249482	6182
1919	9255664	17326
1920	9272990	212
1921	9273202	8502
1922	9281704	3188
1923	9284892	3809
1924	9288701	6177
1925	9294878	10528
1926	9305406	8062
1927	9313468	8900
1928	9322368	23254
1929	9345622	186
1930	9345808	16179
1931	9361987	7631
1932	9369618	187
1933	9369805	6038
1934	9375843	5575
1935	9381418	7641
1936	9389059	236
1937	9389295	235
1938	9389530	10783
1939	9400313	192
1940	9400505	12236
1941	9412741	7578
1942	9420319	15697
1943	9436016	209
1944	9436225	212
1945	9436437	224
1946	9436661	218
1947	9436879	212
1948	9437091	2998
1949	9440089	5258
1950	9445347	9660
1951	9455007	7364
1952	9462371	8188
1953	9470559	16795
1954	9487354	192
1955	9487546	16070
1956	9503616	7594
1957	9511210	3511
1958	9514721	202
1959	9514923	5953
1960	9520876	5776
1961	9526652	7602
1962	9534254	202
1963	9534456	185
1964	9534641	263
1965	9534904	10028
1966	9544932	207
1967	9545139	57568
1968	9602707	7606
1969	9610313	198
1970	9610511	16227
1971	9626738	225
1972	9626963	6244
1973	9633207	7643
1974	9640850	181
1975	9641031	5510
1976	9646541	5457
1977	9651998	7644
1978	9659642	195
1979	9659837	13608
1980	9673445	232
1981	9673677	10809
1982	9684486	186
1983	9684672	3932
1984	9688604	7608
1985	9696212	190
1986	9696402	196
1987	9696598	184
1988	9696782	229
1989	9697011	3656
1990	9700667	7275
1991	9707942	3775
1992	9711717	5249
1993	9716966	6196
1994	9723162	8072
1995	9731234	8300
1996	9739534	5829
1997	9745363	7939
1998	9753302	4959
1999	9758261	3985
2000	9762246	4915
2001	9767161	188
2002	9767349	188
2003	9767537	209
2004	9767746	200
2005	9767946	173
2006	9768119	214
2007	9768333	213
2008	9768546	213
2009	9768759	212
2010	9768971	215
2011	9769186	206
2012	9769392	188
2013	9769580	171
2014	9769751	176
2015	9769927	198
2016	9770125	195
2017	9770320	217
2018	9770537	192
2019	9770729	173
2020	9770902	179
2021	9771081	194
2022	9771275	188
2023	9771463	208
2024	9771671	209
2025	9771880	213
2026	9772093	209
2027	9772302	173
2028	9772475	201
2029	9772676	215
2030	9772891	195
2031	9773086	213
2032	9773299	188
2033	9773487	207
2034	9773694	212
2035	9773906	209
2036	9774115	216
2037	9774331	192
2038	9774523	219
2039	9774742	211
2040	9774953	214
2041	9775167	215
2042	9775382	209
2043	9775591	207
2044	9775798	202
2045	9776000	194
2046	9776194	179
2047	9776373	214
2048	9776587	206
2049	9776793	182
2050	9776975	167
2051	9777142	5322
2052	9782464	1316
2053	9783780	14608
2054	9798388	1108
2055	9799496	1329
2056	9800825	5247
2057	9806072	2514
2058	9808586	3101
2059	9811687	6886
2060	9818573	6218
2061	9824791	9216
2062	9834007	11709
2063	9845716	2085
2064	9847801	6514
2065	9854315	5829
2066	9860144	10042
2067	9870186	7720
2068	9877906	201
2069	9878107	237
2070	9878344	262
2071	9878606	189
2072	9878795	223
2073	9879018	201
2074	9879219	246
2075	9879465	5990
2076	9885455	1235
2077	9886690	4947
2078	9891637	9994
2079	9901631	5516
2080	9907147	3049
2081	9910196	2002
2082	9912198	1966
2083	9914164	2329
2084	9916493	1832
2085	9918325	1426
2086	9919751	1506
2087	9921257	1571
2088	9922828	1645
2089	9924473	3467
2090	9927940	2557
2091	9930497	15285
2092	9945782	3313
2093	9949095	7980
2094	9957075	3686
2095	9960761	3436
2096	9964197	6162
2097	9970359	2562
2098	9972921	3696
2099	9976617	2767
2100	9979384	9373
2101	9988757	1390
2102	9990147	187
2103	9990334	1938
2104	9992272	4983
2105	9997255	1408
2106	9998663	1704
2107	10000367	1842
2108	10002209	2882
2109	10005091	8175
2110	10013266	7526
2111	10020792	3497
2112	10024289	9757
2113	10034046	1651
2114	10035697	958
2115	10036655	1661
2116	10038316	4139
2117	10042455	3768
2118	10046223	1031
2119	10047254	15099
2120	10062353	4139
2121	10066492	6516
2122	10073008	3493
2123	10076501	3504
2124	10080005	1222
2125	10081227	4799
2126	10086026	768
2127	10086794	505
2128	10087299	7797
2129	10095096	2865
2130	10097961	3635
2131	10101596	2741
2132	10104337	1219
2133	10105556	999
2134	10106555	2151
2135	10108706	246
2136	10108952	201
2137	10109153	256
2138	10109409	11869
2139	10121278	5363
2140	10126641	5906
2141	10132547	1772
2142	10134319	1056
2143	10135375	22677
2144	10158052	1513
2145	10159565	6627
2146	10166192	6420
2147	10172612	9584
2148	10182196	1636
2149	10183832	3782
2150	10187614	2106
2151	10189720	3176
2152	10192896	1581
2153	10194477	3126
2154	10197603	1316
2155	10198919	1356
2156	10200275	2081
2157	10202356	2126
2158	10204482	3124
2159	10207606	1451
2160	10209057	4439
2161	10213496	2278
2162	10215774	1567
2163	10217341	1038
2164	10218379	1514
2165	10219893	4414
2166	10224307	2428
2167	10226735	2682
2168	10229417	2511
2169	10231928	1911
2170	10233839	1490
2171	10235329	2499
2172	10237828	1284
2173	10239112	1529
2174	10240641	1665
2175	10242306	3382
2176	10245688	1503
2177	10247191	1444
2178	10248635	2203
2179	10250838	1288
2180	10252126	1208
2181	10253334	1004
2182	10254338	1596
2183	10255934	4008
2184	10259942	1694
2185	10261636	3600
2186	10265236	901
2187	10266137	2225
2188	10268362	907
2189	10269269	3585
2190	10272854	2324
2191	10275178	4062
2192	10279240	2483
2193	10281723	4659
2194	10286382	2400
2195	10288782	638
2196	10289420	4365
2197	10293785	1147
2198	10294932	4045
2199	10298977	1632
2200	10300609	2367
2201	10302976	2147
2202	10305123	1762
2203	10306885	2942
2204	10309827	1206
2205	10311033	1861
2206	10312894	1177
2207	10314071	4535
2208	10318606	3919
2209	10322525	2853
2210	10325378	1799
2211	10327177	1289
2212	10328466	5627
2213	10334093	4112
2214	10338205	2041
2215	10340246	1491
2216	10341737	936
2217	10342673	1217
2218	10343890	894
2219	10344784	957
2220	10345741	881
2221	10346622	1191
2222	10347813	1712
2223	10349525	1219
2224	10350744	1796
2225	10352540	1212
2226	10353752	1158
2227	10354910	1781
2228	10356691	6666
2229	10363357	2353
2230	10365710	3969
2231	10369679	1573
2232	10371252	1587
2233	10372839	3089
2234	10375928	1570
2235	10377498	7865
2236	10385363	3437
2237	10388800	2531
2238	10391331	2240
2239	10393571	2598
2240	10396169	1147
2241	10397316	4434
2242	10401750	1090
2243	10402840	1681
2244	10404521	3659
2245	10408180	2881
2246	10411061	2159
2247	10413220	2762
2248	10415982	1643
2249	10417625	1844
2250	10419469	4901
2251	10424370	767
2252	10425137	3235
2253	10428372	772
2254	10429144	6222
2255	10435366	6364
2256	10441730	5742
2257	10447472	10753
2258	10458225	3798
2259	10462023	1589
2260	10463612	2154
2261	10465766	9589
2262	10475355	4317
2263	10479672	6390
2264	10486062	3053
2265	10489115	6103
2266	10495218	6084
2267	10501302	1698
2268	10503000	6477
2269	10509477	3280
2270	10512757	6715
2271	10519472	9039
2272	10528511	1430
2273	10529941	2915
2274	10532856	1780
2275	10534636	3356
2276	10537992	6022
2277	10544014	6802
2278	10550816	6308
2279	10557124	6430
2280	10563554	9705
2281	10573259	9746
2282	10583005	1186
2283	10584191	719
2284	10584910	1152
2285	10586062	3802
2286	10589864	674
2287	10590538	5532
2288	10596070	1397
2289	10597467	2786
2290	10600253	2323
2291	10602576	5533
2292	10608109	12223
2293	10620332	2602
2294	10622934	26091
2295	10649025	3716
2296	10652741	4041
2297	10656782	12436
2298	10669218	4407
2299	10673625	3897
2300	10677522	14657
2301	10692179	12279
2302	10704458	3681
2303	10708139	1642
2304	10709781	9108
2305	10718889	1809
2306	10720698	718
2307	10721416	3237
2308	10724653	2862
2309	10727515	5825
2310	10733340	9624
2311	10742964	4049
2312	10747013	1140
2313	10748153	1791
2314	10749944	5506
2315	10755450	4603
2316	10760053	4549
2317	10764602	4400
2318	10769002	1864
2319	10770866	4376
2320	10775242	3681
2321	10778923	6170
2322	10785093	4197
2323	10789290	1111
2324	10790401	740
2325	10791141	8850
2326	10799991	3960
2327	10803951	7013
2328	10810964	1518
2329	10812482	2484
2330	10814966	1093
2331	10816059	1031
2332	10817090	1022
2333	10818112	5333
2334	10823445	11005
2335	10834450	753
2336	10835203	672
2337	10835875	4024
2338	10839899	10096
2339	10849995	1315
2340	10851310	3116
2341	10854426	858
2342	10855284	689
2343	10855973	633
2344	10856606	994
2345	10857600	732
2346	10858332	1759
2347	10860091	12305
2348	10872396	4333
2349	10876729	11198
2350	10887927	3617
2351	10891544	5675
2352	10897219	2559
2353	10899778	8589
2354	10908367	7412
2355	10915779	2426
2356	10918205	1470
2357	10919675	1650
2358	10921325	2683
2359	10924008	2591
2360	10926599	2262
2361	10928861	3073
2362	10931934	2079
2363	10934013	2997
2364	10937010	6965
2365	10943975	6371
2366	10950346	6903
2367	10957249	6782
2368	10964031	3954
2369	10967985	8135
2370	10976120	7796
2371	10983916	3126
2372	10987042	1809
2373	10988851	2993
2374	10991844	1625
2375	10993469	3035
2376	10996504	3446
2377	10999950	1870
2378	11001820	1537
2379	11003357	4781
2380	11008138	1754
2381	11009892	1528
2382	11011420	2474
2383	11013894	3625
2384	11017519	2073
2385	11019592	1468
2386	11021060	2821
2387	11023881	7827
2388	11031708	3342
2389	11035050	3635
2390	11038685	8884
2391	11047569	3743
2392	11051312	2834
2393	11054146	2211
2394	11056357	3577
2395	11059934	3504
2396	11063438	2080
2397	11065518	1609
2398	11067127	1803
2399	11068930	6369
2400	11075299	3208
2401	11078507	2244
2402	11080751	1869
2403	11082620	3431
2404	11086051	5513
2405	11091564	2014
2406	11093578	4159
2407	11097737	2723
2408	11100460	3766
2409	11104226	1755
2410	11105981	1546
2411	11107527	1555
2412	11109082	1627
2413	11110709	3657
2414	11114366	2742
2415	11117108	3969
2416	11121077	2388
2417	11123465	2402
2418	11125867	2596
2419	11128463	2379
2420	11130842	2541
2421	11133383	23260
2422	11156643	3221
2423	11159864	3623
2424	11163487	6325
2425	11169812	3094
2426	11172906	3302
2427	11176208	3415
2428	11179623	5242
2429	11184865	1617
2430	11186482	2594
2431	11189076	3424
2432	11192500	2455
2433	11194955	1083
2434	11196038	2366
2435	11198404	5086
2436	11203490	4230
2437	11207720	3021
2438	11210741	3780
2439	11214521	2642
2440	11217163	5423
2441	11222586	2530
2442	11225116	3792
2443	11228908	1102
2444	11230010	5317
2445	11235327	1445
2446	11236772	1217
2447	11237989	2047
2448	11240036	7446
2449	11247482	3332
2450	11250814	2540
2451	11253354	8083
2452	11261437	11547
2453	11272984	2045
2454	11275029	3605
2455	11278634	5167
2456	11283801	5332
2457	11289133	5160
2458	11294293	6338
2459	11300631	1031
2460	11301662	7196
2461	11308858	2941
2462	11311799	9533
2463	11321332	4217
2464	11325549	6422
2465	11331971	2883
2466	11334854	1592
2467	11336446	2919
2468	11339365	3399
2469	11342764	1770
2470	11344534	5552
2471	11350086	9070
2472	11359156	185
2473	11359341	2291
2474	11361632	8418
2475	11370050	6796
2476	11376846	6458
2477	11383304	3687
2478	11386991	3380
2479	11390371	2886
2480	11393257	3412
2481	11396669	468
2482	11397137	2166
2483	11399303	3924
2484	11403227	3613
2485	11406840	2908
2486	11409748	3577
2487	11413325	2694
2488	11416019	6559
2489	11422578	9420
2490	11431998	8437
2491	11440435	10524
2492	11450959	9691
2493	11460650	10273
2494	11470923	7955
2495	11478878	5471
2496	11484349	6241
2497	11490590	7490
2498	11498080	3548
2499	11501628	3987
2500	11505615	2368
2501	11507983	1555
2502	11509538	1660
2503	11511198	3149
2504	11514347	3511
2505	11517858	7597
2506	11525455	6339
2507	11531794	5934
2508	11537728	3570
2509	11541298	4591
2510	11545889	3481
2511	11549370	11601
2512	11560971	5149
2513	11566120	6638
2514	11572758	4803
2515	11577561	1068
2516	11578629	4164
2517	11582793	3655
2518	11586448	3440
2519	11589888	4309
2520	11594197	4902
2521	11599099	4555
2522	11603654	7983
2523	11611637	2243
2524	11613880	5535
2525	11619415	4375
2526	11623790	6529
2527	11630319	4787
2528	11635106	2165
2529	11637271	2141
2530	11639412	1491
2531	11640903	3311
2532	11644214	4593
2533	11648807	4132
2534	11652939	6233
2535	11659172	8575
2536	11667747	1851
2537	11669598	5778
2538	11675376	7272
2539	11682648	1283
2540	11683931	3418
2541	11687349	4105
2542	11691454	1624
2543	11693078	7292
2544	11700370	2752
2545	11703122	10137
2546	11713259	4290
2547	11717549	5802
2548	11723351	812
2549	11724163	3754
2550	11727917	1973
2551	11729890	9664
2552	11739554	2031
2553	11741585	1865
2554	11743450	2657
2555	11746107	3199
2556	11749306	9550
2557	11758856	3474
2558	11762330	8390
2559	11770720	2149
2560	11772869	1738
2561	11774607	1077
2562	11775684	1490
2563	11777174	1067
2564	11778241	1380
2565	11779621	5372
2566	11784993	5004
2567	11789997	2163
2568	11792160	1750
2569	11793910	4028
2570	11797938	2331
2571	11800269	2268
2572	11802537	7682
2573	11810219	1327
2574	11811546	1486
2575	11813032	4291
2576	11817323	1275
2577	11818598	1243
2578	11819841	1420
2579	11821261	1697
2580	11822958	5195
2581	11828153	2534
2582	11830687	1384
2583	11832071	3193
2584	11835264	10942
2585	11846206	3840
2586	11850046	9587
2587	11859633	3796
2588	11863429	1577
2589	11865006	2124
2590	11867130	7043
2591	11874173	1875
2592	11876048	7373
2593	11883421	3397
2594	11886818	1930
2595	11888748	12898
2596	11901646	5262
2597	11906908	4687
2598	11911595	1386
2599	11912981	2484
2600	11915465	2331
2601	11917796	2163
2602	11919959	3616
2603	11923575	1390
2604	11924965	11055
2605	11936020	1179
2606	11937199	681
2607	11937880	4769
2608	11942649	2050
2609	11944699	1304
2610	11946003	911
2611	11946914	7422
2612	11954336	3125
2613	11957461	1904
2614	11959365	2887
2615	11962252	980
2616	11963232	1330
2617	11964562	1365
2618	11965927	537
2619	11966464	3981
2620	11970445	4630
2621	11975075	4967
2622	11980042	3254
2623	11983296	2220
2624	11985516	869
2625	11986385	795
2626	11987180	1254
2627	11988434	5694
2628	11994128	1600
2629	11995728	777
2630	11996505	1694
2631	11998199	12988
2632	12011187	563
2633	12011750	1851
2634	12013601	2481
2635	12016082	2332
2636	12018414	2697
2637	12021111	1659
2638	12022770	631
2639	12023401	2170
2640	12025571	2206
2641	12027777	2210
2642	12029987	2333
2643	12032320	2145
2644	12034465	491
2645	12034956	2438
2646	12037394	1243
2647	12038637	3111
2648	12041748	1569
2649	12043317	716
2650	12044033	1054
2651	12045087	2006
2652	12047093	3126
2653	12050219	6329
2654	12056548	993
2655	12057541	6650
2656	12064191	947
2657	12065138	1157
2658	12066295	798
2659	12067093	6322
2660	12073415	2854
2661	12076269	5088
2662	12081357	9079
2663	12090436	7364
2664	12097800	1841
2665	12099641	5500
2666	12105141	3610
2667	12108751	1519
2668	12110270	651
2669	12110921	3294
2670	12114215	9180
2671	12123395	2889
2672	12126284	2227
2673	12128511	5724
2674	12134235	1310
2675	12135545	4422
2676	12139967	702
2677	12140669	2563
2678	12143232	1548
2679	12144780	1145
2680	12145925	2527
2681	12148452	4371
2682	12152823	2936
2683	12155759	5441
2684	12161200	5875
2685	12167075	4474
2686	12171549	2771
2687	12174320	2077
2688	12176397	1079
2689	12177476	817
2690	12178293	2648
2691	12180941	5792
2692	12186733	957
2693	12187690	1817
2694	12189507	1744
2695	12191251	7482
2696	12198733	1216
2697	12199949	2236
2698	12202185	2441
2699	12204626	1403
2700	12206029	592
2701	12206621	5013
2702	12211634	6131
2703	12217765	11633
2704	12229398	1227
2705	12230625	2352
2706	12232977	1039
2707	12234016	1274
2708	12235290	2192
2709	12237482	2830
2710	12240312	5196
2711	12245508	2450
2712	12247958	3032
2713	12250990	20089
2714	12271079	2858
2715	12273937	1622
2716	12275559	2256
2717	12277815	1773
2718	12279588	1470
2719	12281058	7360
2720	12288418	4612
2721	12293030	12600
2722	12305630	2422
2723	12308052	1832
2724	12309884	1455
2725	12311339	3118
2726	12314457	1388
2727	12315845	3890
2728	12319735	1113
2729	12320848	1140
2730	12321988	1346
2731	12323334	2395
2732	12325729	1969
2733	12327698	2370
2734	12330068	3475
2735	12333543	209
2736	12333752	980
2737	12334732	7329
2738	12342061	5219
2739	12347280	6579
2740	12353859	4443
2741	12358302	3708
2742	12362010	2759
2743	12364769	30932
2744	12395701	3971
2745	12399672	5296
2746	12404968	2854
2747	12407822	1974
2748	12409796	4752
2749	12414548	1235
2750	12415783	2571
2751	12418354	3692
2752	12422046	2011
2753	12424057	3227
2754	12427284	2872
2755	12430156	7588
2756	12437744	421
2757	12438165	523
2758	12438688	11271
2759	12449959	4502
2760	12454461	3687
2761	12458148	9037
2762	12467185	3418
2763	12470603	2062
2764	12472665	2012
2765	12474677	7142
2766	12481819	6475
2767	12488294	3701
2768	12491995	2257
2769	12494252	14980
2770	12509232	6425
2771	12515657	1339
2772	12516996	1986
2773	12518982	2948
2774	12521930	2595
2775	12524525	2147
2776	12526672	1599
2777	12528271	751
2778	12529022	1401
2779	12530423	745
2780	12531168	397
2781	12531565	3998
2782	12535563	3935
2783	12539498	3073
2784	12542571	4175
2785	12546746	7618
2786	12554364	5448
2787	12559812	1366
2788	12561178	5337
2789	12566515	1183
2790	12567698	939
2791	12568637	1869
2792	12570506	2430
2793	12572936	5507
2794	12578443	2521
2795	12580964	8111
2796	12589075	2481
2797	12591556	926
2798	12592482	857
2799	12593339	1653
2800	12594992	2249
2801	12597241	7297
2802	12604538	1651
2803	12606189	4779
2804	12610968	2467
2805	12613435	3648
2806	12617083	2703
2807	12619786	6979
2808	12626765	2314
2809	12629079	3033
2810	12632112	4615
2811	12636727	2533
2812	12639260	2895
2813	12642155	1916
2814	12644071	1285
2815	12645356	4748
2816	12650104	1645
2817	12651749	1014
2818	12652763	1613
2819	12654376	1811
2820	12656187	4620
2821	12660807	1684
2822	12662491	2696
2823	12665187	9360
2824	12674547	1888
2825	12676435	2645
2826	12679080	9101
2827	12688181	3562
2828	12691743	6169
2829	12697912	3380
2830	12701292	2967
2831	12704259	7893
2832	12712152	1745
2833	12713897	2212
2834	12716109	1658
2835	12717767	974
2836	12718741	2399
2837	12721140	1690
2838	12722830	1792
2839	12724622	15090
2840	12739712	7398
2841	12747110	3154
2842	12750264	1686
2843	12751950	1422
2844	12753372	7699
2845	12761071	2003
2846	12763074	2125
2847	12765199	1795
2848	12766994	1697
2849	12768691	2088
2850	12770779	1168
2851	12771947	8507
2852	12780454	4226
2853	12784680	3227
2854	12787907	12859
2855	12800766	4576
2856	12805342	2373
2857	12807715	2429
2858	12810144	661
2859	12810805	1378
2860	12812183	10084
2861	12822267	21763
2862	12844030	873
2863	12844903	3515
2864	12848418	3836
2865	12852254	1424
2866	12853678	1069
2867	12854747	5761
2868	12860508	1214
2869	12861722	912
2870	12862634	10822
2871	12873456	1357
2872	12874813	17727
2873	12892540	9475
2874	12902015	2845
2875	12904860	3972
2876	12908832	1357
2877	12910189	4600
2878	12914789	5957
2879	12920746	1061
2880	12921807	879
2881	12922686	2303
2882	12924989	8167
2883	12933156	3256
2884	12936412	1843
2885	12938255	531
2886	12938786	1549
2887	12940335	2277
2888	12942612	3809
2889	12946421	5935
2890	12952356	1331
2891	12953687	3169
2892	12956856	1241
2893	12958097	1315
2894	12959412	1105
2895	12960517	5537
2896	12966054	931
2897	12966985	4365
2898	12971350	344
2899	12971694	8876
2900	12980570	3591
2901	12984161	1607
2902	12985768	1339
2903	12987107	6396
2904	12993503	4073
2905	12997576	1251
2906	12998827	2944
2907	13001771	2657
2908	13004428	1780
2909	13006208	4111
2910	13010319	12817
2911	13023136	1475
2912	13024611	4030
2913	13028641	3580
2914	13032221	1365
2915	13033586	1088
2916	13034674	3959
2917	13038633	6873
2918	13045506	12939
2919	13058445	1584
2920	13060029	1518
2921	13061547	1453
2922	13063000	2431
2923	13065431	2158
2924	13067589	1747
2925	13069336	1764
2926	13071100	1155
2927	13072255	1636
2928	13073891	805
2929	13074696	7021
2930	13081717	8128
2931	13089845	1477
2932	13091322	1083
2933	13092405	4667
2934	13097072	2422
2935	13099494	1165
2936	13100659	6434
2937	13107093	1770
2938	13108863	7551
2939	13116414	2165
2940	13118579	6388
2941	13124967	3991
2942	13128958	1391
2943	13130349	8331
2944	13138680	6892
2945	13145572	9527
2946	13155099	3640
2947	13158739	2223
2948	13160962	3389
2949	13164351	4726
2950	13169077	1679
2951	13170756	4329
2952	13175085	5473
2953	13180558	3029
2954	13183587	2761
2955	13186348	3754
2956	13190102	2136
2957	13192238	4020
2958	13196258	13151
2959	13209409	2527
2960	13211936	1931
2961	13213867	3635
2962	13217502	3878
2963	13221380	3888
2964	13225268	1909
2965	13227177	5451
2966	13232628	6889
2967	13239517	2521
2968	13242038	4595
2969	13246633	6989
2970	13253622	1516
2971	13255138	2497
2972	13257635	2686
2973	13260321	827
2974	13261148	5374
2975	13266522	282
2976	13266804	851
2977	13267655	3590
2978	13271245	5939
2979	13277184	1251
2980	13278435	1398
2981	13279833	3700
2982	13283533	4596
2983	13288129	2400
2984	13290529	2216
2985	13292745	3790
2986	13296535	4074
2987	13300609	942
2988	13301551	2951
2989	13304502	1153
2990	13305655	1797
2991	13307452	2016
2992	13309468	3140
2993	13312608	7157
2994	13319765	8626
2995	13328391	3980
2996	13332371	4011
2997	13336382	4641
2998	13341023	3917
2999	13344940	4644
3000	13349584	1171
3001	13350755	4230
3002	13354985	2722
3003	13357707	1730
3004	13359437	1092
3005	13360529	4054
3006	13364583	3890
3007	13368473	2904
3008	13371377	1304
3009	13372681	3180
3010	13375861	7705
3011	13383566	19088
3012	13402654	2211
3013	13404865	3799
3014	13408664	1661
3015	13410325	4267
3016	13414592	5135
3017	13419727	8868
3018	13428595	3158
3019	13431753	13391
3020	13445144	3759
3021	13448903	199
3022	13449102	6389
3023	13455491	8725
3024	13464216	5782
3025	13469998	2181
3026	13472179	4989
3027	13477168	1228
3028	13478396	3878
3029	13482274	6379
3030	13488653	1679
3031	13490332	3454
3032	13493786	2820
3033	13496606	6307
3034	13502913	5410
3035	13508323	1821
3036	13510144	6769
3037	13516913	3688
3038	13520601	10449
3039	13531050	6995
3040	13538045	4577
3041	13542622	3539
3042	13546161	6467
3043	13552628	9653
3044	13562281	1607
3045	13563888	2792
3046	13566680	2415
3047	13569095	4574
3048	13573669	8728
3049	13582397	1600
3050	13583997	4830
3051	13588827	1978
3052	13590805	3143
3053	13593948	2460
3054	13596408	7796
3055	13604204	2673
3056	13606877	2024
3057	13608901	6227
3058	13615128	4255
3059	13619383	4375
3060	13623758	3844
3061	13627602	6897
3062	13634499	3614
3063	13638113	3294
3064	13641407	4634
3065	13646041	5276
3066	13651317	4453
3067	13655770	3429
3068	13659199	4131
3069	13663330	1149
3070	13664479	7957
3071	13672436	4581
3072	13677017	4399
3073	13681416	4384
3074	13685800	4096
3075	13689896	5574
3076	13695470	7808
3077	13703278	2356
3078	13705634	2137
3079	13707771	2960
3080	13710731	2954
3081	13713685	4624
3082	13718309	5439
3083	13723748	3178
3084	13726926	4098
3085	13731024	5470
3086	13736494	4692
3087	13741186	5128
3088	13746314	2500
3089	13748814	2738
3090	13751552	2978
3091	13754530	8272
3092	13762802	1238
3093	13764040	780
3094	13764820	213
3095	13765033	4158
3096	13769191	3354
3097	13772545	1554
3098	13774099	9959
3099	13784058	3078
3100	13787136	8765
3101	13795901	3973
3102	13799874	5255
3103	13805129	4942
3104	13810071	8594
3105	13818665	4807
3106	13823472	3930
3107	13827402	531
3108	13827933	4696
3109	13832629	4404
3110	13837033	3824
3111	13840857	5835
3112	13846692	7227
3113	13853919	6479
3114	13860398	2583
3115	13862981	3370
3116	13866351	977
3117	13867328	22921
3118	13890249	18591
3119	13908840	2593
3120	13911433	8487
3121	13919920	1656
3122	13921576	2404
3123	13923980	7146
3124	13931126	3349
3125	13934475	11024
3126	13945499	2885
3127	13948384	3521
3128	13951905	3232
3129	13955137	4846
3130	13959983	7275
3131	13967258	6913
3132	13974171	6202
3133	13980373	1084
3134	13981457	2795
3135	13984252	3456
3136	13987708	1056
3137	13988764	2447
3138	13991211	1563
3139	13992774	6354
3140	13999128	13635
3141	14012763	2107
3142	14014870	12963
3143	14027833	6480
3144	14034313	2888
3145	14037201	5042
3146	14042243	1973
3147	14044216	9055
3148	14053271	6574
3149	14059845	2490
3150	14062335	6456
3151	14068791	1959
3152	14070750	1565
3153	14072315	2564
3154	14074879	2011
3155	14076890	3756
3156	14080646	946
3157	14081592	1211
3158	14082803	1930
3159	14084733	1442
3160	14086175	3815
3161	14089990	5722
3162	14095712	2244
3163	14097956	2906
3164	14100862	1508
3165	14102370	5754
3166	14108124	2662
3167	14110786	1291
3168	14112077	1269
3169	14113346	1338
3170	14114684	7959
3171	14122643	1716
3172	14124359	2834
3173	14127193	1246
3174	14128439	1434
3175	14129873	5128
3176	14135001	3045
3177	14138046	1300
3178	14139346	2792
3179	14142138	1447
3180	14143585	933
3181	14144518	2779
3182	14147297	1498
3183	14148795	911
3184	14149706	3004
3185	14152710	1226
3186	14153936	8783
3187	14162719	2612
3188	14165331	1628
3189	14166959	2238
3190	14169197	1994
3191	14171191	6257
3192	14177448	2082
3193	14179530	1570
3194	14181100	3151
3195	14184251	4063
3196	14188314	2687
3197	14191001	2886
3198	14193887	1040
3199	14194927	1422
3200	14196349	5509
3201	14201858	1650
3202	14203508	3622
3203	14207130	2084
3204	14209214	5812
3205	14215026	6784
3206	14221810	1224
3207	14223034	1523
3208	14224557	360
3209	14224917	2202
3210	14227119	1745
3211	14228864	2949
3212	14231813	1223
3213	14233036	1963
3214	14234999	925
3215	14235924	1871
3216	14237795	2970
3217	14240765	6889
3218	14247654	2664
3219	14250318	1566
3220	14251884	1771
3221	14253655	1708
3222	14255363	963
3223	14256326	8962
3224	14265288	5613
3225	14270901	5671
3226	14276572	5488
3227	14282060	6745
3228	14288805	2076
3229	14290881	19459
3230	14310340	7683
3231	14318023	1822
3232	14319845	1240
3233	14321085	3038
3234	14324123	1860
3235	14325983	2695
3236	14328678	4177
3237	14332855	1415
3238	14334270	597
3239	14334867	6574
3240	14341441	2418
3241	14343859	1831
3242	14345690	3349
3243	14349039	1891
3244	14350930	13761
3245	14364691	544
3246	14365235	1642
3247	14366877	3033
3248	14369910	2370
3249	14372280	2834
3250	14375114	18376
3251	14393490	3766
3252	14397256	2434
3253	14399690	2059
3254	14401749	2529
3255	14404278	3455
3256	14407733	2481
3257	14410214	2536
3258	14412750	20285
3259	14433035	8416
3260	14441451	4389
3261	14445840	4493
3262	14450333	4162
3263	14454495	1552
3264	14456047	4504
3265	14460551	1382
3266	14461933	1200
3267	14463133	1498
3268	14464631	7446
3269	14472077	2198
3270	14474275	18045
3271	14492320	8898
3272	14501218	5695
3273	14506913	4043
3274	14510956	3580
3275	14514536	2072
3276	14516608	16392
3277	14533000	4479
3278	14537479	1172
3279	14538651	1946
3280	14540597	1372
3281	14541969	8195
3282	14550164	5191
3283	14555355	6863
3284	14562218	1948
3285	14564166	8224
3286	14572390	7581
3287	14579971	8525
3288	14588496	4997
3289	14593493	6764
3290	14600257	15111
3291	14615368	7561
3292	14622929	5101
3293	14628030	1389
3294	14629419	1590
3295	14631009	2172
3296	14633181	1366
3297	14634547	837
3298	14635384	6391
3299	14641775	2152
3300	14643927	8317
3301	14652244	4243
3302	14656487	1896
3303	14658383	5257
3304	14663640	5489
3305	14669129	9136
3306	14678265	4712
3307	14682977	9545
3308	14692522	3792
3309	14696314	1093
3310	14697407	1445
3311	14698852	1378
3312	14700230	9099
3313	14709329	316
3314	14709645	1748
3315	14711393	788
3316	14712181	1475
3317	14713656	12573
3318	14726229	8053
3319	14734282	4098
3320	14738380	5020
3321	14743400	4483
3322	14747883	8960
3323	14756843	2237
3324	14759080	5384
3325	14764464	2945
3326	14767409	3130
3327	14770539	1701
3328	14772240	8111
3329	14780351	3709
3330	14784060	14191
3331	14798251	3302
3332	14801553	3896
3333	14805449	4332
3334	14809781	11612
3335	14821393	949
3336	14822342	8023
3337	14830365	6285
3338	14836650	801
3339	14837451	5701
3340	14843152	15719
3341	14858871	935
3342	14859806	6084
3343	14865890	696
3344	14866586	5280
3345	14871866	8081
3346	14879947	1460
3347	14881407	4382
3348	14885789	720
3349	14886509	8932
3350	14895441	1379
3351	14896820	3762
3352	14900582	1657
3353	14902239	2707
3354	14904946	2688
3355	14907634	520
3356	14908154	4156
3357	14912310	6078
3358	14918388	1744
3359	14920132	3599
3360	14923731	2461
3361	14926192	6029
3362	14932221	5786
3363	14938007	7772
3364	14945779	4945
3365	14950724	913
3366	14951637	1279
3367	14952916	2039
3368	14954955	4071
3369	14959026	3500
3370	14962526	612
3371	14963138	4065
3372	14967203	2916
3373	14970119	2859
3374	14972978	3511
3375	14976489	5618
3376	14982107	4653
3377	14986760	5100
3378	14991860	2713
3379	14994573	9174
3380	15003747	9412
3381	15013159	5554
3382	15018713	2029
3383	15020742	7361
3384	15028103	2000
3385	15030103	3494
3386	15033597	3740
3387	15037337	2614
3388	15039951	8372
3389	15048323	1314
3390	15049637	1890
3391	15051527	3094
3392	15054621	4566
3393	15059187	2031
3394	15061218	1207
3395	15062425	1227
3396	15063652	5295
3397	15068947	2789
3398	15071736	4022
3399	15075758	1144
3400	15076902	2030
3401	15078932	2152
3402	15081084	1345
3403	15082429	2900
3404	15085329	1592
3405	15086921	7327
3406	15094248	5304
3407	15099552	745
3408	15100297	540
3409	15100837	869
3410	15101706	680
3411	15102386	541
3412	15102927	579
3413	15103506	1349
3414	15104855	3532
3415	15108387	3747
3416	15112134	520
3417	15112654	2093
3418	15114747	1346
3419	15116093	3404
3420	15119497	6258
3421	15125755	3276
3422	15129031	5332
3423	15134363	3018
3424	15137381	3819
3425	15141200	3298
3426	15144498	3047
3427	15147545	2109
3428	15149654	1943
3429	15151597	3206
3430	15154803	3785
3431	15158588	219
3432	15158807	1950
3433	15160757	2180
3434	15162937	3817
3435	15166754	3808
3436	15170562	3630
3437	15174192	11160
3438	15185352	10083
3439	15195435	2059
3440	15197494	3832
3441	15201326	3456
3442	15204782	4226
3443	15209008	1525
3444	15210533	1466
3445	15211999	2361
3446	15214360	1958
3447	15216318	3110
3448	15219428	2769
3449	15222197	1927
3450	15224124	2396
3451	15226520	793
3452	15227313	1107
3453	15228420	2950
3454	15231370	4422
3455	15235792	9690
3456	15245482	2202
3457	15247684	3177
3458	15250861	2112
3459	15252973	2293
3460	15255266	27054
3461	15282320	1906
3462	15284226	1786
3463	15286012	5386
3464	15291398	5476
3465	15296874	2513
3466	15299387	3424
3467	15302811	4788
3468	15307599	3739
3469	15311338	3392
3470	15314730	15500
3471	15330230	4156
3472	15334386	3609
3473	15337995	10169
3474	15348164	1694
3475	15349858	1515
3476	15351373	5880
3477	15357253	10972
3478	15368225	5266
3479	15373491	3868
3480	15377359	2211
3481	15379570	1322
3482	15380892	680
3483	15381572	1546
3484	15383118	4665
3485	15387783	2751
3486	15390534	1967
3487	15392501	8807
3488	15401308	6287
3489	15407595	5207
3490	15412802	1988
3491	15414790	6490
3492	15421280	2984
3493	15424264	2954
3494	15427218	7526
3495	15434744	1712
3496	15436456	2132
3497	15438588	2607
3498	15441195	1714
3499	15442909	1616
3500	15444525	10933
3501	15455458	7630
3502	15463088	3396
3503	15466484	3053
3504	15469537	1915
3505	15471452	5590
3506	15477042	8201
3507	15485243	3223
3508	15488466	593
3509	15489059	3672
3510	15492731	5139
3511	15497870	6925
3512	15504795	937
3513	15505732	2379
3514	15508111	4384
3515	15512495	3568
3516	15516063	2921
3517	15518984	5642
3518	15524626	5104
3519	15529730	7370
3520	15537100	1140
3521	15538240	3955
3522	15542195	1363
3523	15543558	7363
3524	15550921	3309
3525	15554230	4398
3526	15558628	4892
3527	15563520	2361
3528	15565881	6095
3529	15571976	2295
3530	15574271	1724
3531	15575995	15328
3532	15591323	9313
3533	15600636	5409
3534	15606045	1387
3535	15607432	5712
3536	15613144	1409
3537	15614553	6580
3538	15621133	4649
3539	15625782	4625
3540	15630407	9784
3541	15640191	1747
3542	15641938	3493
3543	15645431	15722
3544	15661153	9613
3545	15670766	3925
3546	15674691	7912
3547	15682603	13795
3548	15696398	3813
3549	15700211	14107
3550	15714318	5415
3551	15719733	5003
3552	15724736	6548
3553	15731284	4725
3554	15736009	4243
3555	15740252	3611
3556	15743863	3058
3557	15746921	4109
3558	15751030	8653
3559	15759683	4044
3560	15763727	7540
3561	15771267	38576
3562	15809843	5448
3563	15815291	17880
3564	15833171	5299
3565	15838470	2777
3566	15841247	10549
3567	15851796	3791
3568	15855587	4736
3569	15860323	5416
3570	15865739	4834
3571	15870573	5254
3572	15875827	6734
3573	15882561	6493
3574	15889054	4687
3575	15893741	4158
3576	15897899	8961
3577	15906860	8413
3578	15915273	5491
3579	15920764	4280
3580	15925044	7452
3581	15932496	7913
3582	15940409	5656
3583	15946065	5366
3584	15951431	4473
3585	15955904	4968
3586	15960872	4326
3587	15965198	4378
3588	15969576	5354
3589	15974930	1265
3590	15976195	4017
3591	15980212	19880
3592	16000092	3717
3593	16003809	6341
3594	16010150	4686
3595	16014836	2822
3596	16017658	3489
3597	16021147	3922
3598	16025069	3476
3599	16028545	4285
3600	16032830	11924
3601	16044754	4252
3602	16049006	8227
3603	16057233	7871
3604	16065104	8011
3605	16073115	7318
3606	16080433	1637
3607	16082070	5260
3608	16087330	16457
3609	16103787	4616
3610	16108403	9457
3611	16117860	5317
3612	16123177	4205
3613	16127382	4794
3614	16132176	4039
3615	16136215	10517
3616	16146732	5563
3617	16152295	4121
3618	16156416	3171
3619	16159587	3754
3620	16163341	3929
3621	16167270	3321
3622	16170591	3426
3623	16174017	18439
3624	16192456	4816
3625	16197272	5372
3626	16202644	3407
3627	16206051	11483
3628	16217534	7885
3629	16225419	19547
3630	16244966	5463
3631	16250429	1238
3632	16251667	2135
3633	16253802	2879
3634	16256681	3674
3635	16260355	19362
3636	16279717	19785
3637	16299502	4360
3638	16303862	4306
3639	16308168	3530
3640	16311698	12573
3641	16324271	6793
3642	16331064	25795
3643	16356859	11236
3644	16368095	7103
3645	16375198	1559
3646	16376757	5956
3647	16382713	6360
3648	16389073	23599
3649	16412672	1575
3650	16414247	2818
3651	16417065	3239
3652	16420304	3742
3653	16424046	4255
3654	16428301	3612
3655	16431913	14612
3656	16446525	3059
3657	16449584	4827
3658	16454411	4110
3659	16458521	2628
3660	16461149	2731
3661	16463880	3577
3662	16467457	3475
3663	16470932	19802
3664	16490734	4005
3665	16494739	1259
3666	16495998	4179
3667	16500177	3681
3668	16503858	5354
3669	16509212	4326
3670	16513538	3800
3671	16517338	4378
3672	16521716	3075
3673	16524791	1695
3674	16526486	4310
3675	16530796	3742
3676	16534538	3184
3677	16537722	4003
3678	16541725	4165
3679	16545890	3549
3680	16549439	3649
3681	16553088	3811
3682	16556899	4010
3683	16560909	3477
3684	16564386	4316
3685	16568702	10517
3686	16579219	3769
3687	16582988	4725
3688	16587713	3509
3689	16591222	4027
3690	16595249	4782
3691	16600031	4191
3692	16604222	3957
3693	16608179	3484
3694	16611663	2851
3695	16614514	3096
3696	16617610	3138
3697	16620748	4067
3698	16624815	3273
3699	16628088	19362
3700	16647450	4360
3701	16651810	3413
3702	16655223	1559
3703	16656782	3459
3704	16660241	3521
3705	16663762	19547
3706	16683309	4679
3707	16687988	1516
3708	16689504	3419
3709	16692923	4854
3710	16697777	4152
3711	16701929	3348
3712	16705277	1232
3713	16706509	3459
3714	16709968	5451
3715	16715419	3781
3716	16719200	5071
3717	16724271	3177
3718	16727448	3295
3719	16730743	3644
3720	16734387	3736
3721	16738123	3486
3722	16741609	2742
3723	16744351	3244
3724	16747595	3652
3725	16751247	3201
3726	16754448	3556
3727	16758004	18945
3728	16776949	4522
3729	16781471	3787
3730	16785258	3627
3731	16788885	1600
3732	16790485	4335
3733	16794820	1244
3734	16796064	938
3735	16797002	2966
3736	16799968	4077
3737	16804045	3555
3738	16807600	2854
3739	16810454	3534
3740	16813988	2618
3741	16816606	1115
3742	16817721	4228
3743	16821949	19820
3744	16841769	3833
3745	16845602	4828
3746	16850430	3335
3747	16853765	4821
3748	16858586	3321
3749	16861907	3281
3750	16865188	3653
3751	16868841	2686
3752	16871527	2754
3753	16874281	1926
3754	16876207	2445
3755	16878652	7171
3756	16885823	1563
3757	16887386	1154
3758	16888540	1154
3759	16889694	1146
3760	16890840	1154
3761	16891994	1154
3762	16893148	1154
3763	16894302	1154
3764	16895456	1154
3765	16896610	1154
3766	16897764	797
3767	16898561	1129
3768	16899690	8089
3769	16907779	5555
3770	16913334	1329
3771	16914663	2013
3772	16916676	4764
3773	16921440	6794
3774	16928234	8195
3775	16936429	3925
3776	16940354	5499
3777	16945853	1253
3778	16947106	8865
3779	16955971	6025
3780	16961996	2069
3781	16964065	4464
3782	16968529	1951
3783	16970480	9313
3784	16979793	2409
3785	16982202	1277
3786	16983479	2930
3787	16986409	2164
3788	16988573	3021
3789	16991594	947
3790	16992541	3777
3791	16996318	2603
3792	16998921	1521
3793	17000442	3416
3794	17003858	1663
3795	17005521	6381
3796	17011902	2475
3797	17014377	2162
3798	17016539	5081
3799	17021620	8577
3800	17030197	5199
3801	17035396	1097
3802	17036493	1309
3803	17037802	1472
3804	17039274	2475
3805	17041749	2371
3806	17044120	1829
3807	17045949	3512
3808	17049461	2429
3809	17051890	3936
3810	17055826	3764
3811	17059590	446
3812	17060036	13396
3813	17073432	9613
3814	17083045	2471
3815	17085516	2093
3816	17087609	2441
3817	17090050	2665
3818	17092715	6392
3819	17099107	8007
3820	17107114	5239
3821	17112353	5957
3822	17118310	4569
3823	17122879	2505
3824	17125384	2493
3825	17127877	7424
3826	17135301	8521
3827	17143822	5415
3828	17149237	653
3829	17149890	2804
3830	17152694	3255
3831	17155949	1144
3832	17157093	1787
3833	17158880	1930
3834	17160810	646
3835	17161456	487
3836	17161943	610
3837	17162553	2582
3838	17165135	2524
3839	17167659	1927
3840	17169586	5779
3841	17175365	2042
3842	17177407	3830
3843	17181237	8143
3844	17189380	4197
3845	17193577	2393
3846	17195970	1583
3847	17197553	3018
3848	17200571	1785
3849	17202356	8316
3850	17210672	1705
3851	17212377	4437
3852	17216814	4444
3853	17221258	4671
3854	17225929	17261
3855	17243190	2469
3856	17245659	12778
3857	17258437	14792
3858	17273229	9319
3859	17282548	8527
3860	17291075	5237
3861	17296312	11874
3862	17308186	3854
3863	17312040	5446
3864	17317486	5030
3865	17322516	4632
3866	17327148	6010
3867	17333158	3894
3868	17337052	4741
3869	17341793	4517
3870	17346310	7014
3871	17353324	4254
3872	17357578	5976
3873	17363554	3873
3874	17367427	4950
3875	17372377	24807
3876	17397184	2477
3877	17399661	5395
3878	17405056	5392
3879	17410448	5501
3880	17415949	4635
3881	17420584	4430
3882	17425014	3781
3883	17428795	24437
3884	17453232	2417
3885	17455649	5122
3886	17460771	5795
3887	17466566	16179
3888	17482745	10809
3889	17493554	2316
3890	17495870	5542
3891	17501412	6097
3892	17507509	3704
3893	17511213	6901
3894	17518114	7792
3895	17525906	5759
3896	17531665	7050
3897	17538715	4382
3898	17543097	6779
3899	17549876	5468
3900	17555344	7352
3901	17562696	4682
3902	17567378	8670
3903	17576048	5486
3904	17581534	4986
3905	17586520	34495
3906	17621015	2400
3907	17623415	4867
3908	17628282	6219
3909	17634501	4614
3910	17639115	2692
3911	17641807	21917
3912	17663724	5630
3913	17669354	5247
3914	17674601	4821
3915	17679422	2648
3916	17682070	4964
3917	17687034	4727
3918	17691761	6086
3919	17697847	4781
3920	17702628	22991
3921	17725619	5157
3922	17730776	4363
3923	17735139	5542
3924	17740681	2583
3925	17743264	5013
3926	17748277	5859
3927	17754136	5982
3928	17760118	3584
3929	17763702	5617
3930	17769319	6042
3931	17775361	6663
3932	17782024	3926
3933	17785950	5696
3934	17791646	5197
3935	17796843	5269
3936	17802112	4238
3937	17806350	7298
3938	17813648	5284
3939	17818932	4912
3940	17823844	2741
3941	17826585	25486
3942	17852071	5211
3943	17857282	5527
3944	17862809	9949
3945	17872758	10751
3946	17883509	4627
3947	17888136	4783
3948	17892919	4365
3949	17897284	6380
3950	17903664	24673
3951	17928337	2775
3952	17931112	5585
3953	17936697	5611
3954	17942308	5916
3955	17948224	4431
3956	17952655	3743
3957	17956398	4314
3958	17960712	5070
3959	17965782	5347
3960	17971129	19538
3961	17990667	2783
3962	17993450	5149
3963	17998599	8478
3964	18007077	8368
3965	18015445	3301
3966	18018746	5512
3967	18024258	8026
3968	18032284	5549
3969	18037833	6333
3970	18044166	6671
3971	18050837	4323
3972	18055160	8141
3973	18063301	5190
3974	18068491	4939
3975	18073430	4074
3976	18077504	7881
3977	18085385	5520
3978	18090905	5532
3979	18096437	24342
3980	18120779	2761
3981	18123540	4243
3982	18127783	7194
3983	18134977	5181
3984	18140158	5416
3985	18145574	3942
3986	18149516	16041
3987	18165557	5257
3988	18170814	4473
3989	18175287	4546
3990	18179833	2599
3991	18182432	5035
3992	18187467	9514
3993	18196981	4595
3994	18201576	4991
3995	18206567	5037
3996	18211604	3469
3997	18215073	9449
3998	18224522	8690
3999	18233212	2816
4000	18236028	4218
4001	18240246	5674
4002	18245920	5639
4003	18251559	5350
4004	18256909	19519
4005	18276428	5204
4006	18281632	6852
4007	18288484	3175
4008	18291659	3878
4009	18295537	5648
4010	18301185	3247
4011	18304432	11463
4012	18315895	4926
4013	18320821	6156
4014	18326977	4765
4015	18331742	3748
4016	18335490	6483
4017	18341973	5265
4018	18347238	4761
4019	18351999	4392
4020	18356391	5917
4021	18362308	5194
4022	18367502	6182
4023	18373684	22920
4024	18396604	2988
4025	18399592	4925
4026	18404517	4831
4027	18409348	5716
4028	18415064	3028
4029	18418092	4827
4030	18422919	4170
4031	18427089	4800
4032	18431889	6701
4033	18438590	27459
4034	18466049	2980
4035	18469029	5782
4036	18474811	202
4037	18475013	185
4038	18475198	5611
4039	18480809	16499
4040	18497308	2622
4041	18499930	2983
4042	18502913	4539
4043	18507452	3634
4044	18511086	4640
4045	18515726	4069
4046	18519795	11439
4047	18531234	10875
4048	18542109	5928
4049	18548037	13592
4050	18561629	5249
4051	18566878	6196
4052	18573074	8072
4053	18581146	8300
4054	18589446	5829
4055	18595275	7939
4056	18603214	4959
4057	18608173	3985
4058	18612158	4915
4059	18617073	7172
4060	18624245	5406
4061	18629651	32601
4062	18662252	2710
4063	18664962	13661
4064	18678623	11558
4065	18690181	7660
4066	18697841	4065
4067	18701906	13070
4068	18714976	4899
4069	18719875	3383
4070	18723258	8951
4071	18732209	3151
4072	18735360	3738
4073	18739098	2730
4074	18741828	4889
4075	18746717	16958
4076	18763675	2783
4077	18766458	4740
4078	18771198	7757
4079	18778955	4812
4080	18783767	2422
4081	18786189	6094
4082	18792283	22373
4083	18814656	2776
4084	18817432	2395
4085	18819827	2914
4086	18822741	3278
4087	18826019	19144
4088	18845163	4776
4089	18849939	7041
4090	18856980	10400
4091	18867380	5124
4092	18872504	4958
4093	18877462	4298
4094	18881760	2391
4095	18884151	7247
4096	18891398	3209
4097	18894607	5544
4098	18900151	3790
4099	18903941	7690
4100	18911631	4096
4101	18915727	5372
4102	18921099	7529
4103	18928628	5124
4104	18933752	6198
4105	18939950	4870
4106	18944820	2677
4107	18947497	23130
4108	18970627	5105
4109	18975732	4289
4110	18980021	14006
4111	18994027	2539
4112	18996566	2538
4113	18999104	2635
4114	19001739	3461
4115	19005200	2193
4116	19007393	20140
4117	19027533	4955
4118	19032488	4276
4119	19036764	5235
4120	19041999	3152
4121	19045151	2941
4122	19048092	2729
4123	19050821	3428
4124	19054249	2857
4125	19057106	3462
4126	19060568	23462
4127	19084030	4978
4128	19089008	7811
4129	19096819	2737
4130	19099556	4553
4131	19104109	2461
4132	19106570	2515
4133	19109085	4291
4134	19113376	6645
4135	19120021	6343
4136	19126364	4878
4137	19131242	5238
4138	19136480	5820
4139	19142300	4352
4140	19146652	5333
4141	19151985	5051
4142	19157036	25237
4143	19182273	2731
4144	19185004	4584
4145	19189588	4593
4146	19194181	5117
4147	19199298	3145
4148	19202443	2731
4149	19205174	2917
4150	19208091	2924
4151	19211015	3344
4152	19214359	17317
4153	19231676	4952
4154	19236628	4969
4155	19241597	2581
4156	19244178	8848
4157	19253026	2892
4158	19255918	3367
4159	19259285	3288
4160	19262573	3350
4161	19265923	21169
4162	19287092	5920
4163	19293012	4644
4164	19297656	10643
4165	19308299	11420
4166	19319719	2776
4167	19322495	5026
4168	19327521	3350
4169	19330871	5716
4170	19336587	4539
4171	19341126	7116
4172	19348242	7328
4173	19355570	3968
4174	19359538	4714
4175	19364252	3657
4176	19367909	5267
4177	19373176	2446
4178	19375622	5612
4179	19381234	24485
4180	19405719	2688
4181	19408407	4465
4182	19412872	4744
4183	19417616	219
4184	19417835	2900
4185	19420735	16100
4186	19436835	2747
4187	19439582	3648
4188	19443230	4688
4189	19447918	3185
4190	19451103	2979
4191	19454082	21957
4192	19476039	4651
4193	19480690	17035
4194	19497725	4520
4195	19502245	2747
4196	19504992	4726
4197	19509718	17639
4198	19527357	5083
4199	19532440	2577
4200	19535017	13508
4201	19548525	10273
4202	19558798	5734
4203	19564532	6055
4204	19570587	3493
4205	19574080	4735
4206	19578815	9488
4207	19588303	6090
4208	19594393	5663
4209	19600056	7591
4210	19607647	7326
4211	19614973	7140
4212	19622113	5686
4213	19627799	30006
4214	19657805	3776
4215	19661581	4412
4216	19665993	6000
4217	19671993	3140
4218	19675133	8118
4219	19683251	2410
4220	19685661	2809
4221	19688470	3504
4222	19691974	4877
4223	19696851	3529
4224	19700380	3144
4225	19703524	4294
4226	19707818	3424
4227	19711242	21758
4228	19733000	6195
4229	19739195	7905
4230	19747100	4652
4231	19751752	5140
4232	19756892	2421
4233	19759313	6698
4234	19766011	3365
4235	19769376	2973
4236	19772349	2712
4237	19775061	3569
4238	19778630	14363
4239	19792993	4707
4240	19797700	5148
4241	19802848	2315
4242	19805163	4994
4243	19810157	6129
4244	19816286	2774
4245	19819060	2920
4246	19821980	5131
4247	19827111	4076
4248	19831187	9635
4249	19840822	8014
4250	19848836	4652
4251	19853488	5781
4252	19859269	3494
4253	19862763	16465
4254	19879228	5471
4255	19884699	6525
4256	19891224	4858
4257	19896082	2753
4258	19898835	3184
4259	19902019	2508
4260	19904527	3355
4261	19907882	2972
4262	19910854	13507
4263	19924361	5210
4264	19929571	5319
4265	19934890	7809
4266	19942699	2516
4267	19945215	6727
4268	19951942	12875
4269	19964817	6381
4270	19971198	5753
4271	19976951	2707
4272	19979658	7896
4273	19987554	2744
4274	19990298	3658
4275	19993956	2969
4276	19996925	3228
4277	20000153	18021
4278	20018174	4569
4279	20022743	5737
4280	20028480	2840
4281	20031320	2826
4282	20034146	6957
4283	20041103	7707
4284	20048810	5147
4285	20053957	4130
4286	20058087	2346
4287	20060433	4548
4288	20064981	4986
4289	20069967	3191
4290	20073158	4876
4291	20078034	5658
4292	20083692	2654
4293	20086346	22965
4294	20109311	22738
4295	20132049	4439
4296	20136488	4183
4297	20140671	4599
4298	20145270	3250
4299	20148520	2934
4300	20151454	17513
4301	20168967	5560
4302	20174527	3814
4303	20178341	2665
4304	20181006	2071
4305	20183077	3021
4306	20186098	4008
4307	20190106	15071
4308	20205177	4288
4309	20209465	13432
4310	20222897	5098
4311	20227995	3906
4312	20231901	2605
4313	20234506	5797
4314	20240303	2431
4315	20242734	2960
4316	20245694	3555
4317	20249249	15439
4318	20264688	4199
4319	20268887	5101
4320	20273988	4040
4321	20278028	2970
4322	20280998	3269
4323	20284267	5157
4324	20289424	8755
4325	20298179	7208
4326	20305387	9919
4327	20315306	4037
4328	20319343	4267
4329	20323610	4428
4330	20328038	2740
4331	20330778	8195
4332	20338973	22083
4333	20361056	10284
4334	20371340	7534
4335	20378874	5673
4336	20384547	5680
4337	20390227	6529
4338	20396756	6407
4339	20403163	6478
4340	20409641	4040
4341	20413681	4842
4342	20418523	5241
4343	20423764	5188
4344	20428952	5523
4345	20434475	5243
4346	20439718	2958
4347	20442676	2771
4348	20445447	5172
4349	20450619	22383
4350	20473002	1918
4351	20474920	425
4352	20475345	435
4353	20475780	451
4354	20476231	495
4355	20476726	465
4356	20477191	473
4357	20477664	497
4358	20478161	533
4359	20478694	481
4360	20479175	511
4361	20479686	487
4362	20480173	479
4363	20480652	495
4364	20481147	463
4365	20481610	531
